57 0 0.3571425;
59 0.428571 0.53571375;
61 0.857142 0.9642847499999999;
62 1.2857129999999999 1.3928557499999998;
64 1.7142839999999997 1.8214267499999997;
65 2.1428549999999995 2.2499977499999995;
66 2.5714259999999993 2.6428544999999994;
66 2.7857114999999992 2.8571399999999993;
66 2.999996999999999 3.107139749999999;
66 3.428567999999999 3.535710749999999;
66 3.8571389999999988 4.607138249999998;
57 4.714280999999999 5.071423499999999;
50 5.142851999999999 5.5714229999999985;
57 5.5714229999999985 5.928565499999999;
54 5.5714229999999985 5.928565499999999;
57 5.999993999999998 6.107136749999999;
54 5.999993999999998 6.107136749999999;
66 5.142851999999999 6.321422249999999;
49 6.428564999999999 6.857135999999999;
57 6.857135999999999 7.214278499999999;
55 6.857135999999999 7.214278499999999;
57 7.285706999999999 7.392849749999999;
55 7.285706999999999 7.392849749999999;
65 6.428564999999999 7.607135249999999;
50 7.714277999999999 8.142849;
57 8.142849 8.4999915;
54 8.142849 8.4999915;
57 8.57142 8.67856275;
54 8.57142 8.67856275;
66 7.714277999999999 8.89284825;
57 8.999991 9.0714195;
54 8.999991 9.0714195;
57 9.214276499999999 9.285704999999998;
59 9.428561999999998 9.499990499999997;
61 9.642847499999997 9.714275999999996;
62 9.857132999999996 9.928561499999995;
64 10.071418499999995 10.142846999999994;
50 10.285703999999994 10.714274999999994;
57 10.714274999999994 11.071417499999994;
54 10.714274999999994 11.071417499999994;
57 11.142845999999993 11.249988749999993;
54 11.142845999999993 11.249988749999993;
66 10.285703999999994 11.464274249999994;
49 11.571416999999993 11.999987999999993;
57 11.999987999999993 12.357130499999993;
55 11.999987999999993 12.357130499999993;
65 11.571416999999993 12.428558999999993;
57 12.428558999999993 12.535701749999992;
55 12.428558999999993 12.535701749999992;
67 12.428558999999993 12.785701499999993;
50 12.857129999999993 13.285700999999992;
57 13.285700999999992 13.642843499999993;
54 13.285700999999992 13.642843499999993;
57 13.714271999999992 13.821414749999992;
54 13.714271999999992 13.821414749999992;
66 12.857129999999993 14.035700249999993;
57 14.142842999999992 14.214271499999992;
54 14.142842999999992 14.214271499999992;
57 14.999984999999992 15.107127749999991;
57 15.428555999999991 15.857126999999991;
52 15.857126999999991 16.21426949999999;
49 15.857126999999991 16.21426949999999;
52 16.28569799999999 16.39284074999999;
49 16.28569799999999 16.39284074999999;
64 15.428555999999991 16.60712624999999;
57 16.71426899999999 17.142839999999993;
51 17.142839999999993 17.49998249999999;
48 17.142839999999993 17.49998249999999;
51 17.57141099999999 17.678553749999992;
48 17.57141099999999 17.678553749999992;
63 16.71426899999999 17.89283924999999;
57 17.999981999999992 18.428552999999994;
52 18.428552999999994 18.785695499999992;
49 18.428552999999994 18.785695499999992;
52 18.857123999999992 18.964266749999993;
49 18.857123999999992 18.964266749999993;
64 17.999981999999992 19.178552249999992;
52 19.285694999999993 19.357123499999993;
49 19.285694999999993 19.357123499999993;
56 19.499980499999992 19.571408999999992;
57 19.71426599999999 19.78569449999999;
59 19.92855149999999 19.99997999999999;
61 20.14283699999999 20.21426549999999;
62 20.35712249999999 20.428550999999988;
57 20.571407999999987 20.99997899999999;
52 20.99997899999999 21.357121499999987;
49 20.99997899999999 21.357121499999987;
52 21.428549999999987 21.53569274999999;
49 21.428549999999987 21.53569274999999;
64 20.571407999999987 21.749978249999987;
57 21.85712099999999 22.28569199999999;
52 22.28569199999999 22.64283449999999;
49 22.28569199999999 22.64283449999999;
57 21.85712099999999 22.71426299999999;
52 22.71426299999999 22.82140574999999;
49 22.71426299999999 22.82140574999999;
67 22.71426299999999 23.07140549999999;
50 23.14283399999999 23.57140499999999;
57 23.57140499999999 23.92854749999999;
54 23.57140499999999 23.92854749999999;
57 23.99997599999999 24.10711874999999;
54 23.99997599999999 24.10711874999999;
66 23.14283399999999 24.32140424999999;
57 24.42854699999999 24.49997549999999;
54 24.42854699999999 24.49997549999999;
62 25.28568899999999 25.392831749999992;
50 25.714259999999992 26.142830999999994;
57 26.142830999999994 26.499973499999992;
54 26.142830999999994 26.499973499999992;
57 26.571401999999992 26.678544749999993;
54 26.571401999999992 26.678544749999993;
69 25.714259999999992 26.892830249999992;
50 26.999972999999994 27.428543999999995;
57 27.428543999999995 27.785686499999994;
54 27.428543999999995 27.785686499999994;
57 27.857114999999993 27.964257749999994;
54 27.857114999999993 27.964257749999994;
69 26.999972999999994 28.178543249999993;
50 28.285685999999995 28.714256999999996;
57 28.714256999999996 29.071399499999995;
54 28.714256999999996 29.071399499999995;
57 29.142827999999994 29.249970749999996;
54 29.142827999999994 29.249970749999996;
69 28.285685999999995 29.464256249999995;
69 29.571398999999996 29.678541749999997;
71 29.999969999999998 30.10711275;
69 30.642826499999998 30.714254999999998;
50 30.857111999999997 31.285683;
59 31.285683 31.642825499999997;
55 31.285683 31.642825499999997;
59 31.714253999999997 31.821396749999998;
55 31.714253999999997 31.821396749999998;
67 30.857111999999997 32.03568225;
50 32.142825 32.571396;
59 32.571396 32.9285385;
55 32.571396 32.9285385;
59 32.999967000000005 33.107109750000006;
55 32.999967000000005 33.107109750000006;
67 32.142825 33.32139525000001;
50 33.42853800000001 33.85710900000001;
59 33.85710900000001 34.21425150000001;
55 33.85710900000001 34.21425150000001;
59 34.28568000000001 34.392822750000015;
55 34.28568000000001 34.392822750000015;
67 33.42853800000001 34.60710825000002;
67 34.71425100000002 34.82139375000002;
69 35.14282200000002 35.24996475000002;
67 35.78567850000002 35.85710700000002;
50 35.99996400000002 36.42853500000002;
57 36.42853500000002 36.78567750000002;
54 36.42853500000002 36.78567750000002;
57 36.85710600000002 36.964248750000024;
54 36.85710600000002 36.964248750000024;
66 35.99996400000002 37.17853425000003;
57 37.28567700000003 37.39281975000003;
62 37.714248000000026 37.82139075000003;
67 38.142819000000024 38.249961750000026;
66 38.57139000000002 38.642818500000025;
66 38.785675500000025 38.85710400000003;
49 38.57139000000002 38.99996100000003;
66 38.99996100000003 39.07138950000003;
57 38.99996100000003 39.35710350000003;
55 38.99996100000003 39.35710350000003;
57 39.42853200000003 39.535674750000034;
55 39.42853200000003 39.535674750000034;
61 39.642817500000035 39.71424600000004;
50 39.85710300000004 40.285674000000036;
57 40.285674000000036 40.64281650000004;
54 40.285674000000036 40.64281650000004;
57 40.71424500000004 40.82138775000004;
54 40.71424500000004 40.82138775000004;
62 39.85710300000004 41.035673250000045;
62 41.142816000000046 41.89281525000005;
50 41.142816000000046 41.89281525000005;
41.89281525000005;
