63 0 0.40384575;
64 0.461538 0.86538375;
62 0.461538 0.86538375;
63 0.923076 1.32692175;
61 0.923076 1.32692175;
62 1.384614 1.78845975;
60 1.384614 1.78845975;
63 1.846152 2.24999775;
59 1.846152 2.24999775;
65 2.30769 2.71153575;
58 2.30769 2.71153575;
67 2.769228 3.17307375;
57 2.769228 3.17307375;
68 3.230766 4.09614975;
56 3.230766 4.09614975;
70 4.153842 5.01922575;
51 4.153842 5.01922575;
67 5.076918 5.48076375;
55 5.076918 5.48076375;
63 5.999994 6.86537775;
58 5.999994 6.86537775;
56 6.92307 7.32691575;
68 7.384608 8.24999175;
56 7.384608 8.24999175;
70 8.307684 8.71152975;
51 8.307684 8.71152975;
67 8.769222000000001 9.63460575;
55 8.769222000000001 9.63460575;
63 9.692298000000001 10.55768175;
58 9.692298000000001 10.55768175;
66 10.615374000000001 11.019219750000001;
58 10.615374000000001 11.019219750000001;
64 11.538450000000001 11.942295750000001;
56 11.538450000000001 11.942295750000001;
52 11.999988000000002 12.403833750000002;
61 11.999988000000002 12.865371750000001;
60 13.384602000000001 13.788447750000001;
51 13.384602000000001 13.788447750000001;
52 13.846140000000002 14.249985750000002;
61 13.846140000000002 14.711523750000001;
64 14.769216000000002 15.173061750000002;
58 14.769216000000002 15.173061750000002;
63 15.230754000000003 15.634599750000003;
57 15.230754000000003 15.634599750000003;
60 15.692292000000004 16.096137750000004;
54 15.692292000000004 16.096137750000004;
63 16.153830000000003 16.55767575;
57 16.153830000000003 16.55767575;
61 16.615368 17.01921375;
55 16.615368 17.01921375;
58 17.076905999999997 17.480751749999996;
52 17.076905999999997 17.480751749999996;
57 17.538443999999995 17.942289749999993;
51 17.538443999999995 17.942289749999993;
51 17.999981999999992 18.40382774999999;
48 17.999981999999992 18.40382774999999;
52 18.46151999999999 18.865365749999988;
49 18.46151999999999 18.865365749999988;
51 18.923057999999987 19.326903749999985;
48 18.923057999999987 19.326903749999985;
52 19.384595999999984 19.788441749999983;
49 19.384595999999984 19.788441749999983;
56 20.769209999999983 21.173055749999982;
57 21.23074799999998 21.63459374999998;
49 21.692285999999978 22.096131749999977;
52 22.153823999999975 22.557669749999974;
51 22.615361999999973 23.01920774999997;
49 23.07689999999997 23.48074574999997;
61 23.538437999999967 23.942283749999966;
54 23.538437999999967 23.942283749999966;
64 23.999975999999965 24.403821749999963;
57 23.999975999999965 24.403821749999963;
67 24.461513999999962 24.86535974999996;
49 24.461513999999962 24.86535974999996;
70 24.92305199999996 25.326897749999958;
52 24.92305199999996 25.326897749999958;
67 25.384589999999957 25.788435749999955;
49 25.384589999999957 25.788435749999955;
61 26.307665999999955 26.711511749999953;
49 26.307665999999955 26.711511749999953;
58 26.769203999999952 27.17304974999995;
63 27.23074199999995 27.634587749999948;
51 27.23074199999995 27.634587749999948;
62 27.692279999999947 28.096125749999945;
50 27.692279999999947 28.096125749999945;
63 28.153817999999944 28.557663749999943;
51 28.153817999999944 28.557663749999943;
28.557663749999943;
