71 0 0.2259613125;
70 0.230769 0.3413458125;
71 0.3461535 0.4567303125;
70 0.461538 0.5721148125;
71 0.5769225 0.6874993125;
70 0.692307 0.8028838125;
71 0.8076915 0.9182683125;
66 0.923076 1.1490373125;
65 1.153845 1.2644218125;
66 1.2692295 1.3798063125;
65 1.384614 1.4951908125;
66 1.4999985 1.6105753125;
65 1.615383 1.7259598125;
66 1.7307675 1.8413443125;
63 1.846152 1.9567288125;
64 1.9615365 2.0721133125;
65 2.076921 2.1874978125;
66 2.1923055000000002 2.3028823125000004;
63 2.3076900000000005 2.4182668125000006;
64 2.4230745000000007 2.533651312500001;
65 2.538459000000001 2.649035812500001;
66 2.653843500000001 2.7644203125000013;
63 2.7692280000000014 2.9951893125000013;
59 2.9999970000000014 3.2259583125000013;
57 3.2307660000000014 3.4567273125000013;
59 3.6923040000000014 3.9182653125000013;
71 3.9230730000000014 4.033649812500001;
59 4.038457500000001 4.1490343125;
62 4.153842 4.3798033125;
66 4.384611 4.495187812499999;
68 4.499995499999999 4.610572312499999;
69 4.615379999999998 4.841341312499998;
69 4.846148999999998 5.072110312499998;
68 5.076917999999997 5.4615329999999975;
57 5.538455999999997 5.764417312499997;
69 5.769224999999997 5.879801812499997;
57 5.884609499999996 5.995186312499996;
61 5.999993999999996 6.225955312499996;
64 6.230762999999995 6.341339812499995;
66 6.3461474999999945 6.456724312499994;
67 6.461531999999994 6.687493312499994;
66 6.692300999999993 6.802877812499993;
67 6.807685499999993 6.9182623124999925;
57 6.923069999999992 7.033646812499992;
56 7.038454499999991 7.149031312499991;
57 7.153838999999991 7.379800312499991;
54 7.38460799999999 7.61056931249999;
66 7.61537699999999 7.72595381249999;
54 7.730761499999989 7.841338312499989;
64 7.8461459999999885 8.07210731249999;
63 8.076914999999989 8.187491812499989;
64 8.192299499999988 8.302876312499988;
54 8.307683999999988 8.533645312499988;
66 8.538452999999988 8.764414312499989;
54 8.769221999999989 9.153836999999989;
54 9.23075999999999 9.45672131249999;
66 9.46152899999999 9.57210581249999;
54 9.57691349999999 9.687490312499989;
64 9.692297999999989 9.91825931249999;
63 9.923066999999989 10.033643812499989;
64 10.038451499999988 10.149028312499988;
54 10.153835999999988 10.379797312499988;
66 10.384604999999988 10.610566312499989;
54 10.615373999999989 10.84133531249999;
56 10.846142999999989 10.956719812499989;
58 10.961527499999988 11.072104312499988;
59 11.076911999999988 11.302873312499989;
71 11.307680999999988 11.418257812499988;
59 11.423065499999987 11.533642312499987;
62 11.538449999999987 11.764411312499988;
66 11.769218999999987 11.879795812499987;
68 11.884603499999987 11.995180312499986;
69 11.999987999999986 12.149026312499986;
69 12.230756999999986 12.456718312499987;
68 12.461525999999987 12.846140999999987;
57 12.923063999999988 13.149025312499989;
69 13.153832999999988 13.264409812499988;
57 13.269217499999987 13.379794312499987;
61 13.384601999999987 13.610563312499988;
64 13.615370999999987 13.725947812499987;
66 13.730755499999987 13.841332312499986;
67 13.846139999999986 14.072101312499987;
66 14.076908999999986 14.187485812499986;
67 14.192293499999986 14.302870312499985;
57 14.307677999999985 14.418254812499985;
56 14.423062499999984 14.533639312499984;
57 14.538446999999984 14.764408312499985;
54 14.769215999999984 14.995177312499985;
66 14.999984999999985 15.110561812499984;
54 15.115369499999984 15.225946312499984;
64 15.230753999999983 15.456715312499984;
63 15.461522999999984 15.572099812499983;
64 15.576907499999983 15.687484312499983;
54 15.692291999999982 15.918253312499983;
66 15.923060999999983 16.149022312499984;
54 16.153829999999985 16.538444999999985;
54 16.615367999999986 16.841329312499987;
66 16.846136999999988 16.956713812499988;
54 16.96152149999999 17.07209831249999;
64 17.07690599999999 17.30286731249999;
63 17.307674999999993 17.418251812499992;
64 17.423059499999994 17.533636312499993;
54 17.538443999999995 17.764405312499996;
66 17.769212999999997 17.995174312499998;
54 17.999982 18.2259433125;
56 18.230751 18.3413278125;
58 18.346135500000003 18.456712312500002;
18.456712312500002;
