55 0.0048076875 0.1201921875;
52 0.2644228125 0.2932689375;
53 0.3509611875 0.4663456875;
55 0.6009609375 0.6394224375;
60 0.9519221250000001 0.9903836250000001;
59 1.0384605 1.067306625;
60 1.1249988750000002 1.1538450000000002;
59 1.2115372500000001 1.2403833750000002;
60 1.298075625 1.3269217500000001;
55 1.384614 1.4999985;
52 1.644229125 1.6730752500000001;
53 1.7307675000000002 1.8461520000000002;
55 1.9807672500000002 2.0192287500000003;
60 2.32692075 2.3605745625;
59 2.4182668125 2.4471129375;
60 2.5048051875 2.5336513125;
59 2.5913435625 2.6201896875;
60 2.6778819375 2.7067280625;
57 2.7644203125 2.8798048124999998;
53 3.0144200624999997 3.0528815624999996;
55 3.1009584374999997 3.2259583124999995;
57 3.3605735624999995 3.3894196874999993;
62 3.7067270624999993 3.735573187499999;
61 3.7932654374999992 3.822111562499999;
62 3.879803812499999 3.908649937499999;
61 3.971149874999999 3.999995999999999;
62 4.057688249999999 4.086534374999999;
57 4.134611249999999 4.259611124999999;
53 4.394226375 4.432687875;
55 4.48076475 4.59614925;
57 4.7403798749999995 4.769226;
62 5.086533375 5.1153795;
61 5.17307175 5.201917875;
62 5.259610125 5.28845625;
61 5.336533125 5.374994625;
62 5.4230715 5.461533;
59 5.5144175625 5.639417437500001;
55 5.774032687500001 5.802878812500001;
57 5.860571062500001 5.975955562500001;
59 6.120186187500001 6.149032312500001;
65 6.456724312500001 6.495185812500002;
64 6.543262687500001 6.581724187500002;
65 6.629801062500001 6.668262562500002;
64 6.716339437500001 6.7548009375000015;
65 6.802877812500001 6.8413393125000015;
59 6.889416187500001 7.004800687500001;
55 7.153839000000001 7.182685125000002;
57 7.240377375000001 7.355761875000002;
59 7.499992500000001 7.5288386250000014;
65 7.836530625000002 7.874992125000002;
64 7.923069000000002 7.961530500000002;
65 8.009607375000002 8.048068875000002;
64 8.096145750000002 8.124991875000001;
65 8.182684125000002 8.211530250000001;
64 8.269222500000001 8.326914750000002;
60 8.374991625000002 8.442299250000001;
55 8.490376125000001 8.55768375;
64 8.615376000000001 8.6682605625;
60 8.725952812500001 8.783645062500002;
55 8.841337312500002 8.908644937500002;
65 8.956721812500001 9.014414062500002;
62 9.072106312500003 9.129798562500003;
57 9.187490812500004 9.245183062500004;
65 9.302875312500005 9.360567562500005;
62 9.408644437500005 9.475952062500005;
57 9.524028937500004 9.591336562500004;
66 9.649028812500005 9.697105687500004;
62 9.754797937500005 9.822105562500004;
60 9.870182437500004 9.937490062500004;
66 9.985566937500003 10.043259187500004;
62 10.100951437500004 10.158643687500005;
60 10.221143625000005 10.288451250000005;
67 10.336528125000005 10.394220375000005;
65 10.442297250000005 10.509604875000004;
62 10.567297125000005 10.624989375000006;
59 10.682681625000006 10.730758500000006;
58 10.788450750000006 10.855758375000006;
57 10.903835250000006 10.971142875000005;
10.971142875000005;
