48 0 0.1201921875;
49 0.3124996875 0.432691875;
50 0.6201916875 0.740383875;
51 0.9326913750000001 1.0528835625000001;
52 1.2451910625000002 1.3605755625000002;
53 1.5528830625000003 1.6730752500000003;
54 1.8653827500000004 1.9855749375000005;
55 2.1730747500000005 2.2980746250000004;
56 2.4855744375000004 2.6057666250000002;
57 2.7980741250000003 2.9182663125;
58 3.1105738125 3.230766;
59 3.4182658125 3.538458;
60 3.7307655 3.8509576875;
61 4.0384575 4.1586496875;
62 4.3509571875 4.4711493749999995;
63 4.663456875 4.783649062499999;
64 4.971148874999999 5.096148749999999;
65 5.283648562499999 5.403840749999999;
66 5.596148249999999 5.716340437499999;
67 5.908647937499999 6.024032437499999;
68 6.216339937499999 6.336532124999999;
69 6.528839624999999 6.649031812499999;
70 6.836531624999998 6.956723812499998;
71 7.149031312499998 7.269223499999998;
7.269223499999998;
