64 0 0.24999974999999997;
60 0 0.24999974999999997;
67 0.4285709999999999 0.6249993749999999;
64 0.4285709999999999 0.6249993749999999;
67 0.7678563749999999 0.8214277499999999;
64 0.7678563749999999 0.8214277499999999;
64 0.8392848749999999 0.9285705;
60 0.8392848749999999 0.9285705;
60 1.089284625 1.2142844999999998;
57 1.089284625 1.2142844999999998;
57 1.7321411249999996 1.9285694999999996;
60 2.1428549999999995 2.3571404999999994;
57 2.1428549999999995 2.3571404999999994;
57 2.499997499999999 2.5535688749999994;
62 2.5714259999999993 2.6785687499999993;
59 2.5714259999999993 2.6785687499999993;
64 2.7857114999999992 2.910711374999999;
60 2.7857114999999992 2.910711374999999;
64 3.428567999999999 3.678567749999999;
60 3.428567999999999 3.678567749999999;
67 3.857138999999999 4.053567374999999;
64 3.857138999999999 4.053567374999999;
67 4.196424374999999 4.249995749999999;
64 4.196424374999999 4.249995749999999;
64 4.267852874999999 4.357138499999999;
60 4.267852874999999 4.357138499999999;
60 4.517852624999999 4.642852499999999;
57 4.517852624999999 4.642852499999999;
57 5.1607091249999995 5.357137499999999;
60 5.571422999999999 5.785708499999999;
57 5.571422999999999 5.785708499999999;
57 5.9285654999999995 5.982136874999999;
64 5.999993999999999 6.10713675;
60 5.999993999999999 6.10713675;
62 6.2142795 6.339279375;
59 6.2142795 6.339279375;
64 6.696421875 6.732136125;
65 6.74999325 6.7857075;
66 6.803564625 6.839278875;
67 6.857136 6.982135875;
66 6.9910644375 7.098207187500001;
64 6.857136 7.107135750000001;
60 6.857136 7.107135750000001;
64 7.285707000000001 7.482135375000001;
64 7.6249923750000015 7.678563750000001;
64 7.696420875000001 7.785706500000001;
60 7.696420875000001 7.785706500000001;
60 7.946420625000001 8.0714205;
57 7.946420625000001 8.0714205;
67 7.098207187500001 8.5624914375;
57 8.589277125 8.7857055;
65 8.7857055 8.96427675;
64 8.982133875 9.089276625000002;
60 8.999991000000001 9.214276500000002;
57 8.999991000000001 9.214276500000002;
57 9.357133500000002 9.410704875000002;
65 9.214276500000002 9.428562000000003;
59 9.428562000000003 9.535704750000004;
63 9.428562000000003 9.607133250000004;
64 9.517847625000003 9.776775937500005;
60 9.624990375000005 9.803561625000006;
57 9.821418750000007 9.991061437500006;
64 10.285704000000006 10.535703750000007;
60 10.285704000000006 10.535703750000007;
64 10.714275000000006 10.910703375000006;
64 11.053560375000005 11.107131750000006;
64 11.124988875000007 11.214274500000007;
60 11.124988875000007 11.214274500000007;
60 11.374988625000007 11.499988500000008;
57 11.374988625000007 11.499988500000008;
55 10.071418500000005 12.124987875000008;
57 12.017845125000008 12.214273500000008;
60 12.428559000000009 12.64284450000001;
57 12.428559000000009 12.64284450000001;
57 12.785701500000009 12.83927287500001;
60 12.85713000000001 12.88391568750001;
64 12.85713000000001 12.96427275000001;
60 12.85713000000001 12.96427275000001;
59 13.071415500000011 13.071415500000011;
59 13.071415500000011 13.196415375000011;
62 13.05355837500001 13.232129625000011;
69 13.249986750000012 13.446415125000012;
64 13.714272000000012 13.964271750000012;
60 13.714272000000012 13.964271750000012;
64 14.142843000000012 14.339271375000012;
64 14.482128375000011 14.535699750000012;
64 14.553556875000012 14.642842500000013;
60 14.553556875000012 14.642842500000013;
60 14.803556625000013 14.928556500000013;
57 14.803556625000013 14.928556500000013;
67 13.482129375000012 15.392841750000013;
57 15.446413125000014 15.642841500000014;
69 15.607127250000014 15.803555625000014;
70 15.794627062500014 15.919626937500015;
71 15.910698375000015 16.035698250000014;
60 15.857127000000014 16.071412500000015;
57 15.857127000000014 16.071412500000015;
69 16.035698250000014 16.232126625000014;
57 16.214269500000015 16.267840875000015;
62 16.285698000000014 16.392840750000016;
59 16.285698000000014 16.392840750000016;
67 16.267840875000015 16.464269250000015;
64 16.499983500000013 16.624983375000014;
60 16.499983500000013 16.624983375000014;
65 16.482126375000014 16.705340437500013;
64 16.714269000000012 16.892840250000013;
62 16.928554500000015 17.151768562500013;
63 17.142840000000014 17.303554125000012;
60 17.142840000000014 17.39283975000001;
64 17.232125625000013 17.39283975000001;
60 17.55355387500001 17.75891081250001;
64 17.57141100000001 17.76783937500001;
64 17.910696375000008 17.96426775000001;
64 17.982124875000007 18.071410500000006;
60 17.982124875000007 18.071410500000006;
60 18.232124625000004 18.357124500000005;
57 18.232124625000004 18.357124500000005;
57 18.874981125000005 19.071409500000005;
55 17.785696500000007 19.214266500000004;
60 19.464266250000005 19.499980500000007;
57 19.285695000000004 19.499980500000007;
60 19.464266250000005 19.642837500000006;
57 19.642837500000006 19.696408875000007;
64 19.714266000000006 19.821408750000007;
59 19.678551750000008 19.874980125000008;
62 19.928551500000008 20.05355137500001;
60 19.91069437500001 20.08926562500001;
62 20.12497987500001 20.32140825000001;
63 20.357122500000013 20.482122375000014;
67 20.571408000000012 20.821407750000013;
62 20.571408000000012 20.821407750000013;
64 20.446408125000012 21.071407500000014;
67 20.999979000000014 21.160693125000012;
67 20.999979000000014 21.196407375000014;
62 20.999979000000014 21.196407375000014;
67 21.339264375000013 21.392835750000014;
62 21.339264375000013 21.392835750000014;
67 21.410692875000013 21.49997850000001;
60 21.428550000000012 21.67854975000001;
67 21.66069262500001 21.78569250000001;
64 21.85712100000001 22.03569225000001;
61 21.66069262500001 22.28569200000001;
67 22.30354912500001 22.49997750000001;
60 22.30354912500001 22.49997750000001;
65 22.28569200000001 22.58926312500001;
64 22.60712025000001 22.758905812500007;
65 22.73212012500001 22.85712000000001;
67 22.71426300000001 22.92854850000001;
60 22.71426300000001 22.92854850000001;
67 23.071405500000008 23.12497687500001;
60 23.071405500000008 23.12497687500001;
67 23.142834000000008 23.24997675000001;
59 23.142834000000008 23.24997675000001;
62 22.946405625000008 23.339262375000008;
67 23.357119500000007 23.482119375000007;
59 23.357119500000007 23.482119375000007;
60 23.357119500000007 23.589262125000005;
59 23.571405000000006 23.892833250000006;
67 23.999976000000007 24.249975750000008;
64 23.999976000000007 24.249975750000008;
67 24.42854700000001 24.62497537500001;
64 24.42854700000001 24.62497537500001;
67 24.76783237500001 24.82140375000001;
64 24.76783237500001 24.82140375000001;
67 24.839260875000008 24.928546500000007;
67 25.089260625000005 25.214260500000005;
61 25.089260625000005 25.214260500000005;
60 23.892833250000006 25.821402750000004;
65 25.732117125000006 25.928545500000006;
60 26.142831000000005 26.357116500000004;
65 26.142831000000005 26.357116500000004;
60 26.499973500000003 26.553544875000004;
57 26.499973500000003 26.553544875000004;
64 26.571402000000003 26.678544750000004;
59 26.571402000000003 26.678544750000004;
62 26.785687500000005 26.910687375000006;
59 26.785687500000005 26.910687375000006;
26.910687375000006;
