48 0 0.1874998125;
55 0.2451920625 0.413461125;
51 0.2451920625 0.413461125;
48 0.471153375 0.6298070625;
51 0.471153375 0.644230125;
55 0.471153375 0.644230125;
55 0.701922375 0.7548069374999999;
51 0.701922375 0.7548069374999999;
51 0.8124991874999999 0.8701914374999999;
55 0.8124991874999999 0.8701914374999999;
48 0.9278836874999999 1.086537375;
51 0.9278836874999999 1.086537375;
55 0.9278836874999999 1.1009604375;
53 1.1586526875 1.317306375;
57 1.1586526875 1.3317294375;
48 1.3894216875 1.5576907500000001;
48 1.615383 1.7836520625;
48 1.846152 2.0336518125;
58 2.0913440625 2.259613125;
55 2.0913440625 2.259613125;
48 2.317305375 2.4759590625000003;
58 2.317305375 2.4903821250000004;
55 2.317305375 2.4903821250000004;
55 2.5480743750000006 2.6009589375000006;
58 2.5480743750000006 2.6009589375000006;
58 2.6586511875000007 2.716343437500001;
55 2.6586511875000007 2.716343437500001;
55 2.774035687500001 2.932689375000001;
48 2.774035687500001 2.932689375000001;
58 2.774035687500001 2.9471124375000013;
53 3.0048046875000014 3.1634583750000016;
57 3.0048046875000014 3.1634583750000016;
60 3.0048046875000014 3.1778814375000017;
48 3.235573687500002 3.4038427500000017;
48 3.461535000000002 3.6298040625000016;
48 3.692304000000002 3.879803812500002;
51 3.937496062500002 4.105765125000002;
55 3.937496062500002 4.105765125000002;
48 4.163457375000002 4.322111062500002;
51 4.163457375000002 4.336534125000002;
55 4.163457375000002 4.336534125000002;
51 4.3942263750000015 4.4471109375000015;
55 4.3942263750000015 4.4471109375000015;
51 4.504803187500001 4.562495437500001;
55 4.504803187500001 4.562495437500001;
48 4.6201876875000005 4.778841375000001;
55 4.6201876875000005 4.7932644375;
51 4.6201876875000005 4.7932644375;
51 4.8509566875 5.009610375;
55 4.8509566875 5.0240334375;
48 5.0817256875 5.24999475;
48 5.307687 5.4759560625;
53 5.538456 5.7259558125;
57 5.783648062499999 5.951917125;
60 5.783648062499999 5.951917125;
53 6.009609374999999 6.1682630624999994;
60 6.009609374999999 6.182686124999999;
57 6.009609374999999 6.182686124999999;
57 6.240378374999999 6.293262937499999;
60 6.240378374999999 6.293262937499999;
57 6.3509551874999985 6.408647437499998;
60 6.3509551874999985 6.408647437499998;
53 6.466339687499998 6.624993374999998;
57 6.466339687499998 6.639416437499998;
60 6.466339687499998 6.639416437499998;
57 6.697108687499997 6.855762374999998;
60 6.697108687499997 6.870185437499997;
53 6.927877687499997 7.096146749999997;
53 7.153838999999997 7.322108062499997;
56 7.384607999999997 7.572107812499997;
67 7.629800062499997 7.798069124999997;
63 7.629800062499997 7.798069124999997;
56 7.855761374999997 8.014415062499996;
63 7.855761374999997 8.028838124999996;
67 7.855761374999997 8.028838124999996;
67 8.086530374999997 8.139414937499996;
63 8.086530374999997 8.139414937499996;
63 8.197107187499997 8.254799437499997;
67 8.197107187499997 8.254799437499997;
56 8.312491687499998 8.471145374999997;
67 8.312491687499998 8.485568437499998;
63 8.312491687499998 8.485568437499998;
63 8.543260687499998 8.701914374999998;
67 8.543260687499998 8.716337437499998;
56 8.774029687499999 8.942298749999999;
56 8.999991 9.1682600625;
58 9.23076 9.4182598125;
62 9.475952062500001 9.644221125000001;
65 9.475952062500001 9.644221125000001;
58 9.701913375000002 9.860567062500001;
65 9.701913375000002 9.874990125000002;
62 9.701913375000002 9.874990125000002;
62 9.932682375000002 9.985566937500002;
65 9.932682375000002 9.985566937500002;
65 10.043259187500002 10.100951437500003;
62 10.043259187500002 10.100951437500003;
58 10.158643687500003 10.317297375000003;
62 10.158643687500003 10.331720437500003;
65 10.158643687500003 10.331720437500003;
62 10.389412687500004 10.548066375000003;
65 10.389412687500004 10.562489437500004;
58 10.620181687500004 10.788450750000004;
58 10.846143000000005 11.014412062500005;
60 11.076912000000005 11.293257937500005;
63 11.307681000000006 12.451910625000005;
67 11.307681000000006 12.466333687500006;
60 12.466333687500006 12.682679625000006;
63 12.697102687500006 12.908640937500007;
67 12.697102687500006 12.923064000000007;
67 12.923064000000007 13.139409937500007;
65 13.153833000000008 13.278832875000008;
69 13.153833000000008 13.283640562500008;
67 13.283640562500008 13.389409687500008;
70 13.283640562500008 13.399025062500007;
65 13.399025062500007 14.769216000000007;
69 13.399025062500007 14.769216000000007;
63 14.769216000000007 14.874985125000007;
67 14.769216000000007 14.879792812500007;
62 14.879792812500007 14.990369625000007;
65 14.879792812500007 14.995177312500006;
63 14.999985000000006 15.471138375000006;
67 14.999985000000006 15.471138375000006;
56 15.471138375000006 16.615368000000007;
60 15.471138375000006 16.615368000000007;
65 16.615368000000007 16.83171393750001;
58 16.84613700000001 16.97113687500001;
62 16.84613700000001 16.97594456250001;
63 16.97594456250001 17.08171368750001;
62 17.09132906250001 18.461520000000007;
58 17.09132906250001 18.461520000000007;
60 18.461520000000007 18.567289125000006;
58 18.572096812500007 18.682673625000007;
55 18.692289000000006 20.081710687500006;
60 18.692289000000006 20.081710687500006;
20.081710687500006;
