67 0 0.16666675;
60 0.16666675 0.3333335;
56 0.3333335 0.50000025;
53 0.50000025 0.666667;
65 0.666667 0.83333375;
60 0.83333375 1.0000005;
56 1.0000005 1.1666672500000002;
53 1.1666672500000002 1.3333340000000002;
64 1.3333340000000002 1.5000007500000003;
60 1.5000007500000003 1.6666675000000004;
56 1.6666675000000004 1.8333342500000005;
53 1.8333342500000005 2.0000010000000006;
65 2.0000010000000006 2.1666677500000007;
60 2.1666677500000007 2.3333345000000008;
56 2.3333345000000008 2.500001250000001;
53 2.500001250000001 2.666668000000001;
65 2.666668000000001 2.833334750000001;
58 2.833334750000001 3.000001500000001;
55 3.000001500000001 3.166668250000001;
51 3.166668250000001 3.3333350000000013;
63 3.3333350000000013 3.5000017500000014;
58 3.5000017500000014 3.6666685000000014;
55 3.6666685000000014 3.8333352500000015;
51 3.8333352500000015 4.000002000000001;
62 4.000002000000001 4.166668750000001;
58 4.166668750000001 4.333335500000001;
55 4.333335500000001 4.500002250000001;
51 4.500002250000001 4.6666690000000015;
63 4.6666690000000015 4.833335750000002;
58 4.833335750000002 5.000002500000002;
55 5.000002500000002 5.166669250000002;
51 5.166669250000002 5.333336000000002;
63 5.333336000000002 5.500002750000002;
56 5.500002750000002 5.666669500000002;
53 5.666669500000002 5.833336250000002;
50 5.833336250000002 6.000003000000002;
62 6.000003000000002 6.166669750000002;
56 6.166669750000002 6.333336500000002;
53 6.333336500000002 6.5000032500000025;
50 6.5000032500000025 6.6666700000000025;
61 6.6666700000000025 6.833336750000003;
56 6.833336750000003 7.000003500000003;
53 7.000003500000003 7.166670250000003;
50 7.166670250000003 7.333337000000003;
62 7.333337000000003 7.500003750000003;
56 7.500003750000003 7.666670500000003;
53 7.666670500000003 7.833337250000003;
50 7.833337250000003 8.000004000000002;
62 8.000004000000002 8.166670750000002;
55 8.166670750000002 8.3333375;
51 8.3333375 8.50000425;
48 8.50000425 8.666671;
60 8.666671 8.833337749999998;
55 8.833337749999998 9.000004499999998;
51 9.000004499999998 9.166671249999997;
48 9.166671249999997 9.333337999999996;
59 9.333337999999996 9.500004749999995;
55 9.500004749999995 9.666671499999994;
51 9.666671499999994 9.833338249999994;
48 9.833338249999994 10.000004999999993;
60 10.000004999999993 10.166671749999992;
55 10.166671749999992 10.333338499999991;
51 10.333338499999991 10.50000524999999;
48 10.50000524999999 10.66667199999999;
67 10.66667199999999 10.833338749999989;
60 10.833338749999989 11.000005499999988;
56 11.000005499999988 11.166672249999987;
53 11.166672249999987 11.333338999999986;
65 11.333338999999986 11.500005749999985;
60 11.500005749999985 11.666672499999985;
56 11.666672499999985 11.833339249999984;
53 11.833339249999984 12.000005999999983;
64 12.000005999999983 12.166672749999982;
60 12.166672749999982 12.333339499999981;
56 12.333339499999981 12.50000624999998;
53 12.50000624999998 12.66667299999998;
65 12.66667299999998 12.833339749999979;
60 12.833339749999979 13.000006499999978;
56 13.000006499999978 13.166673249999977;
53 13.166673249999977 13.333339999999977;
68 13.333339999999977 13.500006749999976;
61 13.500006749999976 13.666673499999975;
58 13.666673499999975 13.833340249999974;
52 13.833340249999974 14.000006999999973;
67 14.000006999999973 14.166673749999973;
61 14.166673749999973 14.333340499999972;
58 14.333340499999972 14.500007249999971;
52 14.500007249999971 14.66667399999997;
66 14.66667399999997 14.83334074999997;
61 14.83334074999997 15.000007499999969;
58 15.000007499999969 15.166674249999968;
52 15.166674249999968 15.333340999999967;
67 15.333340999999967 15.500007749999966;
61 15.500007749999966 15.666674499999965;
58 15.666674499999965 15.833341249999965;
52 15.833341249999965 16.000007999999966;
70 16.000007999999966 16.166674749999967;
60 16.166674749999967 16.333341499999968;
56 16.333341499999968 16.50000824999997;
53 16.50000824999997 16.66667499999997;
68 16.66667499999997 16.83334174999997;
60 16.83334174999997 17.00000849999997;
56 17.00000849999997 17.166675249999972;
53 17.166675249999972 17.333341999999973;
67 17.333341999999973 17.500008749999974;
60 17.500008749999974 17.666675499999975;
56 17.666675499999975 17.833342249999976;
53 17.833342249999976 18.000008999999977;
68 18.000008999999977 18.16667574999998;
60 18.16667574999998 18.33334249999998;
56 18.33334249999998 18.50000924999998;
53 18.50000924999998 18.66667599999998;
67 18.66667599999998 18.833342749999982;
56 18.833342749999982 19.000009499999983;
53 19.000009499999983 19.166676249999984;
50 19.166676249999984 19.333342999999985;
65 19.333342999999985 19.500009749999986;
56 19.500009749999986 19.666676499999987;
53 19.666676499999987 19.833343249999988;
50 19.833343249999988 20.00000999999999;
63 20.00000999999999 20.16667674999999;
56 20.16667674999999 20.33334349999999;
53 20.33334349999999 20.500010249999992;
50 20.500010249999992 20.666676999999993;
62 20.666676999999993 20.833343749999994;
56 20.833343749999994 21.000010499999995;
53 21.000010499999995 21.166677249999996;
50 21.166677249999996 21.333343999999997;
21.333343999999997;
