001 Bulbasaur;
1;
36 10 0;
35 11 0;
37 11 0;
34 12 0;
37 12 0;
32 13 33 13 0;
36 13 0;
38 13 0;
27 14 29 14 0;
31 14 0;
36 14 0;
38 14 0;
25 15 26 15 0;
30 15 0;
36 15 0;
38 15 0;
23 16 24 16 0;
27 16 28 16 0;
35 16 0;
38 16 0;
22 17 0;
25 17 26 17 0;
35 17 0;
39 17 0;
21 18 0;
24 18 0;
35 18 0;
39 18 40 18 0;
20 19 0;
23 19 0;
27 19 29 19 0;
34 19 0;
39 19 0;
41 19 0;
15 20 17 20 0;
20 20 0;
23 20 0;
26 20 0;
30 20 0;
34 20 0;
40 20 0;
42 20 0;
14 21 0;
18 21 0;
20 21 25 21 0;
31 21 0;
34 21 0;
40 21 0;
42 21 0;
14 22 0;
18 22 19 22 0;
25 22 0;
31 22 0;
33 22 0;
41 22 0;
43 22 0;
14 23 0;
26 23 0;
30 23 0;
32 23 0;
41 23 0;
43 23 0;
15 24 0;
22 24 23 24 0;
31 24 32 24 0;
41 24 0;
43 24 0;
14 25 0;
21 25 22 25 0;
32 25 33 25 0;
41 25 0;
43 25 0;
13 26 0;
16 26 0;
25 26 26 26 0;
30 26 0;
33 26 34 26 0;
40 26 0;
43 26 0;
13 27 0;
15 27 0;
17 27 0;
24 27 0;
27 27 0;
30 27 31 27 0;
35 27 0;
39 27 0;
43 27 0;
13 28 14 28 0;
16 28 17 28 0;
24 28 25 28 0;
28 28 0;
36 28 38 28 0;
43 28 0;
12 29 0;
14 29 0;
16 29 0;
24 29 25 29 0;
28 29 0;
34 29 0;
37 29 0;
42 29 0;
12 30 0;
15 30 0;
25 30 28 30 0;
33 30 34 30 0;
37 30 0;
41 30 0;
11 31 0;
13 31 0;
15 31 0;
17 31 22 31 0;
24 31 25 31 0;
29 31 0;
33 31 34 31 0;
37 31 0;
40 31 0;
11 32 12 32 0;
14 32 0;
16 32 24 32 0;
30 32 0;
38 32 39 32 0;
11 33 0;
15 33 0;
24 33 0;
32 33 0;
36 33 0;
39 33 0;
11 34 0;
16 34 24 34 0;
40 34 0;
12 35 0;
18 35 0;
25 35 0;
34 35 0;
41 35 0;
13 36 14 36 0;
18 36 19 36 0;
26 36 27 36 0;
31 36 0;
33 36 0;
41 36 0;
15 37 17 37 0;
20 37 0;
28 37 30 37 0;
33 37 0;
41 37 42 37 0;
19 38 0;
21 38 22 38 0;
32 38 0;
42 38 0;
19 39 0;
23 39 25 39 0;
32 39 0;
42 39 0;
19 40 0;
26 40 32 40 0;
42 40 0;
20 41 0;
30 41 0;
32 41 33 41 0;
42 41 0;
21 42 22 42 0;
31 42 0;
33 42 34 42 0;
41 42 0;
23 43 27 43 0;
31 43 0;
35 43 37 43 0;
41 43 0;
27 44 0;
30 44 0;
36 44 0;
40 44 0;
28 45 29 45 0;
37 45 39 45 0;
