010 Caterpie;
1;
22 16 28 16 0;
20 17 21 17 0;
29 17 30 17 0;
16 18 17 18 0;
19 18 0;
24 18 26 18 0;
31 18 0;
16 19 0;
18 19 0;
23 19 0;
26 19 28 19 0;
32 19 0;
16 20 0;
18 20 0;
22 20 0;
24 20 25 20 0;
29 20 0;
33 20 0;
17 21 0;
19 21 0;
21 21 0;
23 21 24 21 0;
27 21 28 21 0;
30 21 0;
33 21 0;
16 22 18 22 0;
20 22 0;
22 22 0;
24 22 0;
26 22 28 22 0;
30 22 0;
33 22 34 22 0;
16 23 17 23 0;
19 23 0;
21 23 0;
24 23 0;
26 23 28 23 0;
30 23 0;
33 23 0;
35 23 0;
16 24 17 24 0;
19 24 22 24 0;
25 24 0;
29 24 0;
33 24 0;
35 24 0;
18 25 0;
23 25 0;
26 25 28 25 0;
32 25 0;
35 25 0;
17 26 0;
24 26 0;
30 26 31 26 0;
35 26 0;
17 27 0;
19 27 22 27 0;
25 27 0;
29 27 0;
34 27 0;
18 28 0;
23 28 0;
25 28 27 28 0;
34 28 0;
39 28 40 28 0;
18 29 0;
23 29 25 29 0;
33 29 0;
38 29 0;
41 29 0;
19 30 22 30 0;
24 30 25 30 0;
32 30 0;
38 30 0;
41 30 0;
21 31 24 31 0;
26 31 31 31 0;
33 31 0;
38 31 0;
41 31 0;
20 32 0;
23 32 0;
27 32 0;
30 32 0;
33 32 0;
38 32 0;
41 32 0;
20 33 0;
23 33 0;
27 33 0;
30 33 0;
33 33 0;
38 33 0;
41 33 0;
21 34 22 34 0;
28 34 29 34 0;
32 34 0;
34 34 0;
39 34 40 34 0;
23 35 28 35 0;
31 35 0;
34 35 0;
38 35 0;
40 35 0;
22 36 23 36 0;
27 36 30 36 0;
34 36 0;
37 36 0;
40 36 0;
21 37 0;
24 37 0;
26 37 0;
29 37 0;
33 37 35 37 0;
37 37 0;
40 37 0;
21 38 0;
24 38 0;
26 38 0;
29 38 0;
32 38 0;
34 38 36 38 0;
38 38 39 38 0;
22 39 23 39 0;
25 39 28 39 0;
31 39 0;
35 39 0;
38 39 0;
27 40 30 40 0;
34 40 0;
37 40 38 40 0;
30 41 33 41 0;
35 41 36 41 0;
