100 Voltorb;
5;
25 16 31 16 0;
23 17 33 17 0;
21 18 35 18 0;
20 19 36 19 0;
19 20 30 20 0;
33 20 37 20 0;
18 21 19 21 0;
22 21 28 21 0;
34 21 38 21 0;
18 22 0;
21 22 0;
23 22 27 22 0;
29 22 0;
34 22 39 22 0;
17 23 18 23 0;
21 23 0;
23 23 29 23 0;
33 23 39 23 0;
17 24 19 24 0;
21 24 40 24 0;
16 25 40 25 0;
16 26 22 26 0;
30 26 40 26 0;
16 27 19 27 0;
34 27 40 27 0;
16 28 18 28 0;
37 28 40 28 0;
16 29 0;
39 29 40 29 0;
16 30 0;
40 30 0;
16 31 0;
40 31 0;
17 32 0;
39 32 0;
17 33 0;
39 33 0;
18 34 0;
38 34 0;
18 35 0;
38 35 0;
19 36 0;
26 36 30 36 0;
37 36 0;
20 37 0;
25 37 0;
31 37 0;
36 37 0;
21 38 22 38 0;
25 38 0;
31 38 0;
34 38 35 38 0;
23 39 24 39 0;
26 39 30 39 0;
32 39 33 39 0;
25 40 31 40 0;
