101 Electrode;
5;
23 10 31 10 0;
20 11 22 11 0;
32 11 34 11 0;
18 12 19 12 0;
35 12 36 12 0;
17 13 0;
24 13 26 13 0;
37 13 38 13 0;
16 14 0;
27 14 30 14 0;
38 14 39 14 0;
15 15 0;
32 15 36 15 0;
40 15 0;
14 16 0;
41 16 0;
13 17 0;
17 17 0;
42 17 0;
13 18 0;
17 18 0;
42 18 0;
12 19 0;
18 19 0;
43 19 0;
12 20 0;
18 20 0;
43 20 0;
11 21 0;
17 21 0;
19 21 0;
44 21 0;
11 22 0;
16 22 0;
19 22 0;
44 22 0;
11 23 0;
16 23 0;
20 23 0;
24 23 0;
44 23 0;
11 24 0;
16 24 0;
20 24 0;
24 24 0;
45 24 0;
10 25 12 25 0;
16 25 0;
21 25 0;
25 25 0;
32 25 37 25 0;
45 25 0;
10 26 12 26 0;
16 26 0;
22 26 0;
25 26 0;
30 26 31 26 0;
36 26 0;
45 26 0;
10 27 13 27 0;
16 27 0;
18 27 0;
26 27 0;
28 27 29 27 0;
36 27 0;
45 27 0;
10 28 14 28 0;
17 28 18 28 0;
27 28 0;
36 28 0;
45 28 0;
10 29 11 29 0;
13 29 15 29 0;
18 29 21 29 0;
29 29 0;
36 29 0;
45 29 0;
11 30 0;
13 30 17 30 0;
29 30 0;
33 30 35 30 0;
45 30 0;
11 31 0;
13 31 19 31 0;
27 31 32 31 0;
44 31 0;
11 32 23 32 0;
41 32 44 32 0;
11 33 17 33 0;
19 33 28 33 0;
38 33 44 33 0;
12 34 0;
14 34 17 34 0;
19 34 44 34 0;
12 35 18 35 0;
21 35 43 35 0;
13 36 19 36 0;
23 36 33 36 0;
35 36 43 36 0;
13 37 20 37 0;
25 37 32 37 0;
35 37 42 37 0;
14 38 21 38 0;
34 38 41 38 0;
15 39 22 39 0;
26 39 30 39 0;
33 39 40 39 0;
16 40 25 40 0;
31 40 39 40 0;
17 41 25 41 0;
30 41 38 41 0;
19 42 36 42 0;
21 43 33 43 0;
24 44 30 44 0;
