102 Exeggcute;
1;
25 3 28 3 0;
44 3 47 3 0;
22 4 24 4 0;
29 4 31 4 0;
42 4 43 4 0;
48 4 49 4 0;
7 5 12 5 0;
20 5 21 5 0;
32 5 33 5 0;
40 5 41 5 0;
50 5 0;
5 6 6 6 0;
8 6 13 6 0;
18 6 19 6 0;
34 6 35 6 0;
39 6 0;
51 6 0;
4 7 0;
7 7 14 7 0;
17 7 0;
20 7 21 7 0;
32 7 33 7 0;
36 7 0;
38 7 39 7 0;
51 7 0;
3 8 0;
6 8 11 8 0;
13 8 16 8 0;
22 8 23 8 0;
30 8 31 8 0;
37 8 0;
39 8 0;
52 8 0;
3 9 0;
5 9 6 9 0;
11 9 0;
13 9 0;
15 9 0;
21 9 0;
24 9 0;
29 9 0;
32 9 0;
37 9 0;
39 9 0;
48 9 49 9 0;
52 9 0;
2 10 0;
4 10 0;
6 10 0;
11 10 0;
13 10 0;
16 10 0;
19 10 23 10 0;
30 10 34 10 0;
36 10 0;
38 10 40 10 0;
48 10 0;
53 10 0;
2 11 0;
6 11 0;
11 11 0;
13 11 0;
16 11 0;
36 11 0;
47 11 0;
51 11 0;
53 11 0;
2 12 0;
7 12 0;
11 12 0;
13 12 0;
16 12 0;
36 12 0;
46 12 0;
53 12 0;
2 13 0;
11 13 0;
13 13 0;
16 13 0;
35 13 0;
42 13 43 13 0;
46 13 0;
53 13 0;
2 14 0;
12 14 0;
16 14 0;
24 14 29 14 0;
35 14 0;
37 14 0;
44 14 45 14 0;
53 14 0;
3 15 0;
15 15 0;
23 15 0;
30 15 0;
35 15 0;
38 15 0;
44 15 0;
46 15 47 15 0;
53 15 0;
3 16 0;
15 16 0;
18 16 21 16 0;
35 16 0;
39 16 0;
42 16 0;
52 16 0;
4 17 0;
14 17 0;
16 17 17 17 0;
19 17 0;
22 17 23 17 0;
35 17 0;
39 17 0;
43 17 44 17 0;
52 17 0;
5 18 6 18 0;
12 18 13 18 0;
15 18 0;
20 18 0;
24 18 0;
36 18 0;
51 18 0;
7 19 11 19 0;
14 19 0;
19 19 0;
21 19 0;
25 19 0;
36 19 0;
43 19 0;
51 19 0;
8 20 0;
13 20 0;
23 20 0;
25 20 0;
37 20 0;
50 20 0;
8 21 0;
13 21 0;
18 21 0;
24 21 0;
26 21 0;
38 21 0;
43 21 0;
49 21 0;
8 22 0;
12 22 0;
19 22 0;
23 22 0;
25 22 26 22 0;
39 22 40 22 0;
44 22 0;
47 22 48 22 0;
7 23 0;
12 23 0;
20 23 0;
26 23 0;
41 23 46 23 0;
7 24 0;
12 24 0;
21 24 0;
26 24 0;
46 24 0;
7 25 0;
12 25 0;
26 25 0;
46 25 0;
7 26 0;
13 26 0;
25 26 0;
40 26 44 26 0;
46 26 0;
7 27 0;
13 27 0;
25 27 0;
38 27 39 27 0;
45 27 46 27 0;
8 28 11 28 0;
14 28 0;
24 28 0;
36 28 37 28 0;
45 28 0;
47 28 0;
6 29 7 29 0;
12 29 13 29 0;
15 29 16 29 0;
22 29 23 29 0;
35 29 0;
45 29 0;
48 29 0;
5 30 0;
14 30 0;
17 30 21 30 0;
34 30 0;
46 30 0;
49 30 0;
4 31 0;
15 31 0;
33 31 0;
47 31 0;
50 31 0;
3 32 0;
16 32 0;
32 32 0;
47 32 0;
50 32 0;
3 33 0;
17 33 0;
31 33 0;
47 33 0;
51 33 0;
2 34 0;
18 34 0;
31 34 0;
34 34 0;
48 34 49 34 0;
51 34 0;
2 35 0;
18 35 0;
30 35 0;
34 35 0;
48 35 0;
52 35 0;
2 36 0;
19 36 0;
30 36 0;
35 36 0;
52 36 0;
1 37 0;
12 37 0;
19 37 0;
29 37 0;
34 37 35 37 0;
52 37 0;
1 38 0;
11 38 0;
20 38 0;
29 38 0;
33 38 0;
36 38 0;
53 38 0;
1 39 2 39 0;
10 39 0;
20 39 0;
29 39 0;
33 39 0;
36 39 37 39 0;
53 39 0;
1 40 0;
3 40 0;
9 40 10 40 0;
20 40 0;
28 40 0;
33 40 0;
36 40 0;
38 40 0;
53 40 0;
1 41 0;
3 41 4 41 0;
8 41 0;
10 41 0;
17 41 0;
20 41 0;
28 41 0;
34 41 0;
46 41 49 41 0;
53 41 0;
1 42 0;
3 42 0;
5 42 0;
8 42 0;
12 42 0;
17 42 0;
19 42 20 42 0;
28 42 0;
35 42 36 42 0;
43 42 45 42 0;
48 42 0;
53 42 0;
1 43 0;
5 43 0;
9 43 11 43 0;
18 43 0;
20 43 0;
28 43 0;
44 43 0;
48 43 0;
52 43 0;
2 44 0;
4 44 0;
17 44 0;
20 44 0;
28 44 0;
47 44 0;
52 44 0;
2 45 0;
20 45 0;
29 45 0;
44 45 46 45 0;
52 45 0;
3 46 0;
19 46 0;
29 46 0;
35 46 0;
51 46 0;
3 47 0;
5 47 9 47 0;
19 47 0;
21 47 22 47 0;
28 47 29 47 0;
36 47 0;
43 47 0;
51 47 0;
4 48 0;
10 48 0;
18 48 0;
23 48 27 48 0;
30 48 0;
37 48 42 48 0;
50 48 0;
5 49 6 49 0;
16 49 17 49 0;
30 49 0;
50 49 0;
7 50 8 50 0;
14 50 15 50 0;
31 50 0;
49 50 0;
9 51 13 51 0;
32 51 0;
48 51 0;
33 52 34 52 0;
46 52 47 52 0;
35 53 36 53 0;
44 53 45 53 0;
37 54 43 54 0;
