103 Exeggutor;
1;
10 0 16 0 0;
9 1 0;
17 1 18 1 0;
10 2 12 2 0;
19 2 20 2 0;
25 2 26 2 0;
28 2 29 2 0;
36 2 47 2 0;
13 3 14 3 0;
21 3 22 3 0;
24 3 31 3 0;
33 3 35 3 0;
48 3 49 3 0;
3 4 16 4 0;
23 4 32 4 0;
37 4 43 4 0;
50 4 52 4 0;
1 5 2 5 0;
17 5 18 5 0;
24 5 30 5 0;
35 5 36 5 0;
53 5 54 5 0;
0 6 0;
7 6 15 6 0;
19 6 0;
24 6 29 6 0;
32 6 34 6 0;
39 6 47 6 0;
1 7 5 7 0;
16 7 17 7 0;
20 7 0;
25 7 29 7 0;
31 7 0;
35 7 38 7 0;
6 8 12 8 0;
18 8 19 8 0;
21 8 0;
25 8 28 8 0;
32 8 34 8 0;
37 8 40 8 0;
50 8 0;
6 9 20 9 0;
22 9 23 9 0;
26 9 28 9 0;
31 9 0;
34 9 36 9 0;
41 9 49 9 0;
51 9 0;
4 10 5 10 0;
11 10 18 10 0;
21 10 0;
24 10 0;
26 10 27 10 0;
29 10 30 10 0;
32 10 33 10 0;
37 10 41 10 0;
49 10 52 10 0;
3 11 0;
7 11 10 11 0;
14 11 17 11 0;
20 11 0;
25 11 0;
27 11 28 11 0;
31 11 0;
34 11 36 11 0;
41 11 47 11 0;
52 11 0;
2 12 6 12 0;
15 12 16 12 0;
18 12 19 12 0;
26 12 33 12 0;
37 12 40 12 0;
48 12 49 12 0;
53 12 0;
2 13 0;
4 13 0;
15 13 0;
17 13 0;
21 13 36 13 0;
44 13 46 13 0;
49 13 50 13 0;
54 13 0;
4 14 0;
14 14 0;
16 14 0;
19 14 20 14 0;
29 14 43 14 0;
47 14 48 14 0;
50 14 54 14 0;
3 15 0;
14 15 0;
16 15 0;
18 15 0;
31 15 0;
37 15 0;
39 15 0;
41 15 0;
44 15 45 15 0;
49 15 0;
51 15 0;
3 16 0;
9 16 11 16 0;
13 16 0;
17 16 0;
32 16 0;
38 16 0;
40 16 0;
42 16 0;
46 16 47 16 0;
50 16 0;
52 16 0;
2 17 0;
4 17 0;
8 17 0;
12 17 13 17 0;
16 17 0;
33 17 0;
38 17 39 17 0;
42 17 0;
47 17 49 17 0;
52 17 0;
2 18 0;
4 18 0;
8 18 0;
10 18 0;
12 18 13 18 0;
15 18 0;
34 18 0;
39 18 0;
43 18 0;
48 18 0;
50 18 0;
53 18 0;
2 19 0;
4 19 0;
8 19 0;
12 19 13 19 0;
15 19 0;
21 19 0;
27 19 0;
35 19 37 19 0;
39 19 0;
43 19 0;
49 19 0;
51 19 0;
53 19 0;
2 20 3 20 0;
9 20 11 20 0;
13 20 14 20 0;
21 20 0;
27 20 0;
35 20 0;
38 20 40 20 0;
43 20 0;
50 20 0;
52 20 53 20 0;
1 21 0;
14 21 0;
18 21 20 21 0;
28 21 31 21 0;
35 21 0;
41 21 43 21 0;
49 21 50 21 0;
52 21 53 21 0;
1 22 0;
13 22 0;
16 22 17 22 0;
21 22 0;
27 22 0;
32 22 33 22 0;
36 22 0;
43 22 45 22 0;
49 22 50 22 0;
53 22 0;
2 23 0;
13 23 0;
21 23 0;
27 23 0;
36 23 0;
42 23 0;
46 23 0;
49 23 50 23 0;
3 24 6 24 0;
13 24 0;
17 24 0;
19 24 0;
21 24 0;
27 24 0;
29 24 0;
32 24 0;
36 24 0;
42 24 0;
44 24 0;
46 24 0;
51 24 0;
3 25 4 25 0;
7 25 8 25 0;
13 25 0;
18 25 20 25 0;
28 25 31 25 0;
36 25 0;
42 25 0;
46 25 0;
52 25 0;
4 26 5 26 0;
7 26 8 26 0;
13 26 0;
36 26 0;
43 26 45 26 0;
52 26 0;
5 27 7 27 0;
13 27 0;
19 27 0;
36 27 0;
50 27 51 27 0;
6 28 0;
13 28 0;
18 28 0;
29 28 0;
36 28 0;
47 28 51 28 0;
7 29 8 29 0;
13 29 0;
19 29 21 29 0;
27 29 29 29 0;
36 29 0;
45 29 46 29 0;
49 29 51 29 0;
9 30 10 30 0;
14 30 0;
19 30 0;
22 30 26 30 0;
29 30 0;
35 30 0;
46 30 51 30 0;
11 31 14 31 0;
20 31 0;
22 31 26 31 0;
28 31 0;
35 31 0;
47 31 49 31 0;
51 31 0;
14 32 0;
20 32 28 32 0;
35 32 0;
51 32 0;
15 33 0;
21 33 27 33 0;
34 33 35 33 0;
50 33 0;
14 34 15 34 0;
34 34 36 34 0;
50 34 0;
13 35 16 35 0;
33 35 37 35 0;
49 35 0;
12 36 16 36 0;
32 36 0;
35 36 39 36 0;
48 36 0;
11 37 18 37 0;
31 37 0;
35 37 40 37 0;
46 37 48 37 0;
10 38 15 38 0;
18 38 20 38 0;
28 38 30 38 0;
34 38 38 38 0;
41 38 0;
45 38 0;
48 38 0;
9 39 0;
14 39 16 39 0;
21 39 27 39 0;
34 39 37 39 0;
42 39 44 39 0;
49 39 0;
8 40 0;
10 40 12 40 0;
15 40 17 40 0;
33 40 35 40 0;
37 40 0;
41 40 0;
44 40 0;
49 40 0;
7 41 0;
13 41 14 41 0;
16 41 0;
18 41 19 41 0;
32 41 0;
34 41 35 41 0;
37 41 40 41 0;
45 41 49 41 0;
7 42 0;
15 42 0;
17 42 0;
20 42 31 42 0;
34 42 36 42 0;
49 42 0;
6 43 0;
16 43 0;
18 43 0;
34 43 35 43 0;
41 43 44 43 0;
50 43 0;
5 44 0;
17 44 18 44 0;
34 44 35 44 0;
39 44 40 44 0;
45 44 46 44 0;
51 44 0;
4 45 11 45 0;
17 45 0;
19 45 20 45 0;
34 45 0;
38 45 0;
47 45 0;
51 45 0;
3 46 0;
12 46 13 46 0;
18 46 19 46 0;
21 46 23 46 0;
31 46 34 46 0;
37 46 0;
48 46 0;
51 46 0;
3 47 5 47 0;
14 47 0;
18 47 0;
24 47 30 47 0;
34 47 0;
37 47 0;
49 47 0;
51 47 0;
2 48 0;
6 48 0;
10 48 11 48 0;
16 48 17 48 0;
35 48 0;
37 48 0;
49 48 0;
51 48 0;
1 49 0;
6 49 0;
9 49 0;
12 49 0;
15 49 16 49 0;
36 49 0;
38 49 0;
48 49 0;
50 49 0;
1 50 0;
6 50 0;
8 50 0;
13 50 14 50 0;
37 50 39 50 0;
47 50 49 50 0;
1 51 8 51 0;
13 51 0;
40 51 47 51 0;
8 52 12 52 0;
