104 Cubone;
7;
14 11 15 11 0;
38 11 39 11 0;
13 12 0;
16 12 0;
22 12 27 12 0;
33 12 35 12 0;
37 12 0;
40 12 0;
13 13 0;
17 13 0;
19 13 21 13 0;
28 13 29 13 0;
32 13 0;
36 13 0;
40 13 0;
13 14 0;
17 14 18 14 0;
30 14 31 14 0;
36 14 0;
40 14 0;
14 15 0;
16 15 0;
31 15 0;
35 15 0;
40 15 0;
15 16 0;
34 16 37 16 0;
40 16 0;
15 17 0;
34 17 35 17 0;
38 17 0;
40 17 0;
42 17 43 17 0;
13 18 14 18 0;
33 18 0;
36 18 0;
39 18 41 18 0;
44 18 0;
12 19 0;
14 19 0;
20 19 0;
36 19 0;
40 19 0;
44 19 0;
12 20 0;
14 20 0;
19 20 0;
26 20 31 20 0;
36 20 37 20 0;
40 20 0;
44 20 0;
11 21 0;
14 21 0;
25 21 27 21 0;
32 21 0;
35 21 0;
37 21 0;
41 21 0;
43 21 0;
11 22 0;
14 22 0;
24 22 26 22 0;
28 22 31 22 0;
33 22 0;
36 22 0;
41 22 0;
43 22 0;
10 23 0;
14 23 0;
24 23 25 23 0;
27 23 28 23 0;
31 23 0;
33 23 35 23 0;
42 23 0;
10 24 0;
15 24 0;
23 24 24 24 0;
26 24 28 24 0;
31 24 0;
33 24 34 24 0;
42 24 0;
10 25 0;
15 25 0;
23 25 0;
25 25 0;
27 25 28 25 0;
31 25 0;
33 25 34 25 0;
42 25 0;
10 26 0;
14 26 15 26 0;
23 26 0;
25 26 0;
27 26 28 26 0;
30 26 0;
32 26 33 26 0;
38 26 0;
42 26 0;
10 27 0;
14 27 0;
16 27 0;
23 27 24 27 0;
26 27 29 27 0;
32 27 33 27 0;
39 27 0;
42 27 0;
11 28 13 28 0;
16 28 0;
24 28 25 28 0;
31 28 0;
33 28 0;
39 28 0;
42 28 0;
16 29 0;
25 29 30 29 0;
32 29 0;
39 29 0;
42 29 0;
15 30 0;
32 30 33 30 0;
39 30 0;
42 30 0;
15 31 0;
32 31 33 31 0;
39 31 0;
43 31 0;
15 32 0;
31 32 32 32 0;
39 32 0;
43 32 0;
15 33 0;
31 33 32 33 0;
39 33 0;
43 33 0;
15 34 0;
17 34 18 34 0;
23 34 24 34 0;
30 34 31 34 0;
39 34 40 34 0;
44 34 0;
16 35 0;
18 35 0;
23 35 24 35 0;
29 35 0;
31 35 0;
38 35 0;
40 35 0;
44 35 0;
16 36 0;
18 36 0;
23 36 0;
28 36 0;
31 36 32 36 0;
38 36 0;
41 36 0;
44 36 0;
17 37 0;
27 37 28 37 0;
30 37 31 37 0;
33 37 0;
37 37 0;
42 37 43 37 0;
18 38 0;
26 38 0;
29 38 0;
33 38 0;
36 38 0;
19 39 25 39 0;
27 39 28 39 0;
32 39 0;
35 39 0;
23 40 26 40 0;
32 40 34 40 0;
19 41 22 41 0;
31 41 0;
18 42 0;
31 42 0;
17 43 0;
30 43 0;
17 44 0;
23 44 0;
29 44 0;
18 45 0;
22 45 0;
29 45 0;
19 46 22 46 0;
29 46 0;
22 47 23 47 0;
28 47 0;
24 48 27 48 0;
