105 Marowak;
7;
27 4 29 4 0;
26 5 0;
30 5 0;
25 6 0;
30 6 0;
15 7 17 7 0;
22 7 24 7 0;
30 7 0;
4 8 7 8 0;
14 8 0;
18 8 21 8 0;
26 8 0;
28 8 29 8 0;
3 9 0;
8 9 14 9 0;
18 9 0;
30 9 0;
3 10 0;
13 10 0;
17 10 20 10 0;
22 10 27 10 0;
30 10 0;
34 10 36 10 0;
3 11 0;
7 11 0;
13 11 0;
15 11 17 11 0;
28 11 33 11 0;
37 11 0;
41 11 44 11 0;
4 12 0;
6 12 0;
13 12 15 12 0;
30 12 31 12 0;
37 12 0;
40 12 0;
45 12 46 12 0;
4 13 5 13 0;
12 13 0;
14 13 0;
29 13 0;
36 13 0;
39 13 0;
47 13 0;
5 14 0;
11 14 0;
13 14 0;
36 14 0;
38 14 0;
48 14 0;
5 15 0;
10 15 0;
13 15 0;
35 15 0;
38 15 0;
49 15 0;
6 16 0;
10 16 0;
12 16 0;
35 16 0;
38 16 0;
49 16 0;
7 17 9 17 0;
12 17 0;
34 17 0;
39 17 0;
49 17 0;
11 18 0;
33 18 35 18 0;
39 18 40 18 0;
49 18 0;
11 19 0;
32 19 0;
34 19 0;
36 19 0;
39 19 0;
41 19 0;
49 19 0;
10 20 0;
30 20 0;
34 20 0;
37 20 39 20 0;
42 20 43 20 0;
48 20 0;
10 21 0;
27 21 28 21 0;
34 21 0;
40 21 0;
44 21 47 21 0;
10 22 0;
25 22 26 22 0;
29 22 0;
34 22 0;
41 22 43 22 0;
47 22 0;
10 23 0;
23 23 26 23 0;
29 23 0;
34 23 0;
47 23 0;
10 24 0;
22 24 23 24 0;
25 24 26 24 0;
29 24 0;
34 24 0;
47 24 0;
10 25 0;
21 25 0;
23 25 25 25 0;
28 25 0;
33 25 0;
46 25 0;
10 26 0;
20 26 0;
27 26 0;
33 26 0;
43 26 45 26 0;
10 27 0;
19 27 0;
22 27 26 27 0;
32 27 33 27 0;
41 27 43 27 0;
10 28 0;
18 28 0;
31 28 0;
33 28 0;
40 28 0;
43 28 0;
10 29 0;
18 29 0;
30 29 0;
34 29 0;
39 29 0;
42 29 0;
48 29 0;
11 30 0;
17 30 0;
29 30 0;
35 30 0;
39 30 41 30 0;
47 30 0;
49 30 0;
11 31 0;
17 31 0;
28 31 0;
36 31 0;
39 31 40 31 0;
46 31 0;
49 31 0;
11 32 0;
16 32 0;
27 32 0;
36 32 0;
39 32 45 32 0;
49 32 0;
11 33 0;
16 33 0;
25 33 26 33 0;
35 33 0;
37 33 0;
40 33 0;
49 33 0;
11 34 0;
16 34 17 34 0;
23 34 24 34 0;
33 34 34 34 0;
37 34 0;
41 34 0;
49 34 0;
12 35 0;
16 35 17 35 0;
21 35 22 35 0;
31 35 32 35 0;
38 35 0;
41 35 0;
49 35 0;
13 36 15 36 0;
19 36 20 36 0;
27 36 30 36 0;
36 36 0;
38 36 0;
42 36 0;
49 36 0;
14 37 18 37 0;
21 37 26 37 0;
33 37 34 37 0;
38 37 0;
42 37 0;
48 37 0;
17 38 18 38 0;
31 38 32 38 0;
39 38 0;
43 38 0;
48 38 0;
17 39 0;
19 39 21 39 0;
28 39 30 39 0;
37 39 0;
39 39 0;
43 39 0;
47 39 0;
16 40 0;
19 40 0;
22 40 27 40 0;
35 40 0;
39 40 0;
43 40 46 40 0;
16 41 0;
20 41 0;
33 41 34 41 0;
40 41 0;
44 41 45 41 0;
15 42 0;
21 42 23 42 0;
30 42 32 42 0;
40 42 0;
44 42 45 42 0;
15 43 0;
22 43 0;
24 43 29 43 0;
39 43 0;
44 43 46 43 0;
15 44 0;
23 44 0;
35 44 37 44 0;
39 44 0;
43 44 47 44 0;
15 45 0;
23 45 24 45 0;
27 45 0;
31 45 34 45 0;
38 45 48 45 0;
16 46 0;
23 46 26 46 0;
28 46 30 46 0;
39 46 49 46 0;
16 47 0;
23 47 26 47 0;
39 47 49 47 0;
17 48 0;
21 48 26 48 0;
40 48 49 48 0;
18 49 20 49 0;
22 49 25 49 0;
41 49 49 49 0;
22 50 25 50 0;
42 50 48 50 0;
23 51 24 51 0;
43 51 47 51 0;
