106 Hitmonlee;
7;
40 0 42 0 0;
50 0 52 0 0;
39 1 0;
43 1 0;
49 1 0;
53 1 0;
39 2 0;
44 2 45 2 0;
48 2 0;
54 2 0;
39 3 0;
46 3 48 3 0;
54 3 0;
40 4 0;
48 4 0;
53 4 0;
36 5 41 5 0;
53 5 0;
35 6 36 6 0;
42 6 43 6 0;
53 6 0;
33 7 34 7 0;
44 7 45 7 0;
53 7 0;
32 8 0;
45 8 46 8 0;
54 8 0;
31 9 0;
39 9 40 9 0;
44 9 0;
46 9 0;
54 9 0;
30 10 0;
38 10 0;
41 10 0;
43 10 0;
47 10 0;
51 10 52 10 0;
54 10 0;
29 11 0;
37 11 0;
41 11 0;
47 11 0;
50 11 0;
6 12 8 12 0;
29 12 0;
36 12 0;
41 12 0;
47 12 0;
49 12 0;
4 13 5 13 0;
9 13 11 13 0;
13 13 17 13 0;
28 13 0;
35 13 0;
38 13 0;
40 13 0;
47 13 49 13 0;
3 14 0;
11 14 12 14 0;
18 14 24 14 0;
28 14 0;
35 14 0;
38 14 39 14 0;
44 14 0;
48 14 50 14 0;
4 15 0;
10 15 0;
25 15 27 15 0;
30 15 32 15 0;
36 15 37 15 0;
48 15 53 15 0;
5 16 6 16 0;
9 16 0;
28 16 29 16 0;
33 16 0;
45 16 0;
49 16 52 16 0;
54 16 0;
7 17 0;
9 17 0;
30 17 0;
32 17 33 17 0;
46 17 47 17 0;
54 17 0;
8 18 0;
31 18 32 18 0;
48 18 49 18 0;
52 18 53 18 0;
8 19 0;
21 19 24 19 0;
32 19 0;
50 19 52 19 0;
5 20 7 20 0;
19 20 20 20 0;
25 20 26 20 0;
33 20 0;
52 20 0;
3 21 4 21 0;
7 21 0;
18 21 0;
27 21 0;
33 21 0;
52 21 0;
1 22 2 22 0;
6 22 0;
18 22 0;
27 22 0;
34 22 39 22 0;
52 22 0;
0 23 0;
6 23 0;
17 23 0;
28 23 0;
34 23 0;
37 23 0;
40 23 42 23 0;
53 23 0;
0 24 0;
6 24 0;
17 24 0;
28 24 0;
34 24 0;
38 24 0;
41 24 0;
43 24 44 24 0;
47 24 49 24 0;
53 24 0;
1 25 2 25 0;
6 25 0;
17 25 0;
28 25 0;
34 25 0;
38 25 0;
44 25 46 25 0;
50 25 0;
53 25 0;
3 26 4 26 0;
6 26 0;
17 26 0;
28 26 0;
34 26 0;
39 26 0;
42 26 0;
45 26 0;
47 26 0;
54 26 0;
5 27 7 27 0;
18 27 0;
27 27 0;
34 27 0;
39 27 0;
42 27 0;
45 27 0;
47 27 48 27 0;
54 27 0;
7 28 0;
18 28 0;
27 28 0;
33 28 0;
39 28 0;
42 28 0;
45 28 0;
47 28 0;
49 28 0;
54 28 0;
7 29 0;
19 29 20 29 0;
25 29 26 29 0;
33 29 0;
38 29 0;
42 29 0;
44 29 0;
47 29 0;
49 29 0;
54 29 0;
7 30 0;
21 30 24 30 0;
32 30 0;
36 30 37 30 0;
41 30 42 30 0;
44 30 0;
46 30 47 30 0;
49 30 0;
53 30 0;
5 31 6 31 0;
8 31 0;
32 31 35 31 0;
38 31 41 31 0;
43 31 0;
45 31 46 31 0;
48 31 0;
53 31 0;
3 32 4 32 0;
8 32 0;
31 32 0;
36 32 37 32 0;
39 32 48 32 0;
52 32 0;
2 33 0;
9 33 0;
28 33 30 33 0;
38 33 0;
43 33 47 33 0;
52 33 0;
3 34 5 34 0;
10 34 0;
23 34 27 34 0;
39 34 0;
45 34 46 34 0;
51 34 0;
6 35 9 35 0;
11 35 12 35 0;
19 35 22 35 0;
27 35 0;
40 35 41 35 0;
50 35 0;
13 36 18 36 0;
21 36 23 36 0;
26 36 0;
42 36 43 36 0;
49 36 50 36 0;
20 37 21 37 0;
24 37 26 37 0;
44 37 0;
50 37 0;
19 38 0;
22 38 0;
25 38 28 38 0;
44 38 0;
49 38 50 38 0;
19 39 0;
23 39 24 39 0;
30 39 0;
45 39 50 39 0;
18 40 0;
30 40 0;
45 40 0;
48 40 51 40 0;
18 41 0;
22 41 0;
27 41 29 41 0;
45 41 0;
49 41 0;
51 41 52 41 0;
18 42 0;
22 42 0;
26 42 0;
46 42 48 42 0;
51 42 52 42 0;
17 43 0;
21 43 0;
26 43 0;
46 43 0;
50 43 0;
53 43 54 43 0;
17 44 0;
20 44 21 44 0;
26 44 0;
47 44 49 44 0;
52 44 53 44 0;
17 45 0;
20 45 0;
22 45 0;
27 45 0;
48 45 0;
51 45 0;
53 45 0;
18 46 19 46 0;
22 46 0;
28 46 0;
48 46 50 46 0;
53 46 0;
23 47 24 47 0;
28 47 0;
48 47 0;
50 47 52 47 0;
25 48 27 48 0;
47 48 0;
47 49 0;
48 50 0;
53 50 54 50 0;
47 51 0;
49 51 52 51 0;
54 51 0;
47 52 0;
49 52 0;
52 52 0;
54 52 0;
48 53 49 53 0;
52 53 54 53 0;
49 54 0;
51 54 0;
50 55 0;
