107 Hitmonchan;
7;
21 3 0;
27 3 29 3 0;
20 4 0;
22 4 0;
25 4 26 4 0;
30 4 0;
19 5 0;
22 5 0;
24 5 0;
30 5 0;
17 6 0;
19 6 0;
22 6 23 6 0;
30 6 0;
32 6 34 6 0;
16 7 0;
18 7 0;
22 7 0;
30 7 31 7 0;
35 7 0;
10 8 12 8 0;
16 8 0;
18 8 0;
22 8 0;
29 8 30 8 0;
35 8 0;
9 9 0;
13 9 16 9 0;
21 9 0;
29 9 0;
35 9 0;
9 10 0;
16 10 0;
21 10 0;
28 10 0;
34 10 37 10 0;
10 11 0;
16 11 0;
28 11 0;
33 11 0;
38 11 0;
10 12 0;
16 12 0;
27 12 0;
33 12 0;
38 12 0;
11 13 0;
16 13 0;
38 13 0;
11 14 0;
16 14 0;
18 14 19 14 0;
38 14 0;
12 15 0;
17 15 0;
20 15 0;
28 15 30 15 0;
37 15 40 15 0;
12 16 0;
17 16 0;
21 16 0;
27 16 0;
31 16 0;
36 16 37 16 0;
41 16 42 16 0;
9 17 14 17 0;
17 17 0;
20 17 21 17 0;
26 17 0;
31 17 0;
36 17 0;
43 17 44 17 0;
7 18 8 18 0;
15 18 17 18 0;
19 18 0;
21 18 0;
25 18 27 18 0;
31 18 0;
35 18 0;
45 18 46 18 0;
6 19 0;
16 19 21 19 0;
25 19 26 19 0;
28 19 0;
30 19 0;
34 19 35 19 0;
47 19 48 19 0;
5 20 0;
16 20 17 20 0;
19 20 20 20 0;
25 20 29 20 0;
34 20 0;
49 20 0;
5 21 0;
17 21 0;
26 21 28 21 0;
33 21 0;
49 21 0;
4 22 0;
17 22 0;
33 22 0;
39 22 48 22 0;
4 23 0;
18 23 0;
20 23 0;
32 23 42 23 0;
4 24 0;
18 24 0;
21 24 24 24 0;
31 24 34 24 0;
37 24 41 24 0;
43 24 0;
4 25 0;
18 25 19 25 0;
29 25 31 25 0;
38 25 40 25 0;
44 25 0;
5 26 0;
18 26 0;
20 26 0;
27 26 30 26 0;
38 26 39 26 0;
43 26 44 26 0;
5 27 0;
18 27 0;
20 27 27 27 0;
31 27 0;
38 27 0;
43 27 45 27 0;
6 28 0;
17 28 0;
20 28 25 28 0;
32 28 0;
37 28 0;
41 28 43 28 0;
46 28 0;
7 29 0;
17 29 0;
19 29 23 29 0;
36 29 0;
39 29 42 29 0;
44 29 0;
47 29 48 29 0;
8 30 9 30 0;
15 30 24 30 0;
33 30 0;
35 30 0;
37 30 40 30 0;
42 30 0;
45 30 0;
49 30 0;
10 31 19 31 0;
25 31 0;
34 31 0;
36 31 0;
38 31 0;
42 31 0;
46 31 0;
50 31 0;
12 32 15 32 0;
20 32 22 32 0;
26 32 0;
33 32 0;
35 32 0;
38 32 0;
42 32 0;
47 32 48 32 0;
50 32 0;
10 33 11 33 0;
23 33 24 33 0;
27 33 0;
32 33 0;
37 33 0;
43 33 0;
49 33 50 33 0;
9 34 0;
25 34 0;
28 34 0;
31 34 0;
37 34 0;
43 34 0;
50 34 0;
8 35 0;
25 35 0;
28 35 0;
30 35 31 35 0;
37 35 0;
43 35 44 35 0;
49 35 0;
7 36 0;
26 36 0;
28 36 29 36 0;
31 36 0;
37 36 0;
43 36 45 36 0;
48 36 0;
7 37 0;
26 37 0;
28 37 0;
31 37 36 37 0;
38 37 44 37 0;
46 37 47 37 0;
6 38 0;
26 38 27 38 0;
40 38 0;
44 38 0;
6 39 0;
25 39 0;
40 39 0;
44 39 0;
6 40 0;
25 40 0;
40 40 0;
43 40 45 40 0;
6 41 0;
24 41 0;
41 41 0;
46 41 47 41 0;
6 42 0;
23 42 0;
25 42 0;
42 42 43 42 0;
47 42 48 42 0;
6 43 0;
23 43 0;
25 43 0;
44 43 0;
47 43 49 43 0;
6 44 0;
25 44 0;
45 44 49 44 0;
7 45 0;
24 45 0;
44 45 49 45 0;
7 46 0;
24 46 0;
43 46 0;
46 46 49 46 0;
8 47 0;
23 47 0;
43 47 49 47 0;
9 48 10 48 0;
21 48 22 48 0;
44 48 48 48 0;
11 49 13 49 0;
19 49 20 49 0;
14 50 18 50 0;
