108 Lickitung;
6;
20 6 27 6 0;
34 6 35 6 0;
18 7 19 7 0;
28 7 29 7 0;
33 7 0;
36 7 38 7 0;
12 8 13 8 0;
16 8 17 8 0;
30 8 31 8 0;
34 8 35 8 0;
39 8 0;
9 9 11 9 0;
14 9 15 9 0;
28 9 29 9 0;
32 9 0;
34 9 0;
40 9 0;
7 10 8 10 0;
12 10 0;
14 10 0;
27 10 0;
33 10 34 10 0;
41 10 0;
6 11 0;
13 11 14 11 0;
34 11 0;
41 11 0;
6 12 0;
13 12 0;
29 12 30 12 0;
34 12 0;
42 12 0;
5 13 0;
13 13 0;
28 13 0;
30 13 31 13 0;
35 13 0;
42 13 0;
5 14 0;
12 14 0;
16 14 0;
18 14 20 14 0;
28 14 31 14 0;
35 14 0;
42 14 0;
5 15 0;
11 15 0;
22 15 0;
29 15 30 15 0;
35 15 0;
42 15 0;
5 16 0;
10 16 0;
35 16 0;
42 16 0;
5 17 0;
10 17 0;
15 17 16 17 0;
19 17 20 17 0;
35 17 0;
42 17 0;
6 18 0;
10 18 0;
34 18 0;
42 18 46 18 0;
6 19 0;
10 19 0;
34 19 0;
41 19 0;
47 19 48 19 0;
6 20 0;
11 20 0;
15 20 22 20 0;
34 20 0;
41 20 0;
49 20 0;
7 21 0;
12 21 0;
14 21 25 21 0;
33 21 0;
41 21 0;
50 21 0;
7 22 0;
13 22 27 22 0;
33 22 0;
40 22 0;
51 22 0;
8 23 0;
16 23 28 23 0;
40 23 0;
51 23 0;
9 24 0;
17 24 0;
20 24 0;
23 24 28 24 0;
40 24 0;
52 24 0;
10 25 11 25 0;
17 25 0;
19 25 0;
24 25 27 25 0;
40 25 0;
52 25 0;
12 26 13 26 0;
16 26 0;
19 26 0;
23 26 26 26 0;
31 26 0;
40 26 0;
47 26 0;
52 26 0;
14 27 16 27 0;
19 27 0;
23 27 0;
29 27 30 27 0;
41 27 0;
48 27 0;
53 27 0;
15 28 0;
18 28 0;
23 28 0;
27 28 28 28 0;
41 28 0;
48 28 0;
53 28 0;
3 29 7 29 0;
15 29 0;
18 29 0;
23 29 26 29 0;
42 29 0;
49 29 0;
53 29 0;
2 30 0;
8 30 9 30 0;
14 30 0;
22 30 0;
42 30 0;
49 30 0;
54 30 0;
1 31 0;
10 31 0;
13 31 0;
17 31 0;
22 31 0;
43 31 0;
49 31 0;
54 31 0;
0 32 0;
11 32 0;
13 32 0;
17 32 0;
22 32 0;
43 32 0;
50 32 0;
54 32 0;
0 33 0;
11 33 12 33 0;
16 33 0;
21 33 0;
44 33 0;
50 33 0;
54 33 0;
0 34 0;
12 34 0;
16 34 0;
21 34 0;
34 34 38 34 0;
44 34 0;
50 34 0;
54 34 0;
0 35 0;
12 35 0;
15 35 0;
21 35 0;
33 35 0;
39 35 40 35 0;
45 35 0;
50 35 0;
54 35 0;
1 36 0;
12 36 0;
15 36 0;
20 36 0;
32 36 0;
41 36 0;
45 36 0;
50 36 0;
54 36 0;
1 37 0;
13 37 14 37 0;
20 37 0;
31 37 0;
33 37 40 37 0;
42 37 0;
45 37 0;
50 37 0;
53 37 0;
2 38 0;
13 38 14 38 0;
19 38 0;
31 38 0;
42 38 0;
46 38 0;
49 38 0;
53 38 0;
3 39 0;
14 39 0;
16 39 0;
19 39 0;
30 39 0;
43 39 0;
46 39 0;
49 39 0;
53 39 0;
4 40 5 40 0;
18 40 0;
30 40 0;
43 40 0;
46 40 0;
49 40 0;
52 40 0;
6 41 7 41 0;
16 41 17 41 0;
30 41 0;
35 41 37 41 0;
43 41 0;
46 41 0;
48 41 0;
50 41 0;
52 41 0;
8 42 16 42 0;
30 42 0;
34 42 0;
38 42 0;
43 42 0;
46 42 0;
48 42 0;
50 42 0;
52 42 0;
12 43 0;
17 43 0;
30 43 0;
34 43 0;
38 43 0;
43 43 0;
46 43 47 43 0;
51 43 0;
11 44 0;
18 44 0;
30 44 0;
34 44 0;
38 44 0;
43 44 0;
45 44 46 44 0;
11 45 0;
19 45 0;
31 45 0;
35 45 37 45 0;
42 45 0;
45 45 0;
10 46 0;
20 46 21 46 0;
31 46 0;
42 46 0;
44 46 0;
10 47 0;
22 47 30 47 0;
32 47 0;
41 47 0;
43 47 0;
9 48 15 48 0;
20 48 21 48 0;
33 48 41 48 0;
8 49 0;
16 49 0;
19 49 0;
9 50 18 50 0;
