109 Koffing;
6;
32 3 35 3 0;
31 4 36 4 0;
31 5 36 5 0;
32 6 35 6 0;
18 8 19 8 0;
29 8 30 8 0;
14 9 0;
18 9 19 9 0;
33 9 34 9 0;
29 10 0;
32 10 34 10 0;
15 11 17 11 0;
32 11 33 11 0;
14 12 18 12 0;
26 12 29 12 0;
14 13 18 13 0;
25 13 0;
28 13 30 13 0;
10 14 0;
15 14 17 14 0;
24 14 25 14 0;
28 14 30 14 0;
13 15 0;
23 15 24 15 0;
27 15 30 15 0;
21 16 34 16 0;
19 17 36 17 0;
39 17 40 17 0;
13 18 15 18 0;
17 18 41 18 0;
6 19 7 19 0;
12 19 13 19 0;
15 19 23 19 0;
29 19 42 19 0;
5 20 8 20 0;
12 20 0;
15 20 17 20 0;
19 20 21 20 0;
27 20 0;
30 20 41 20 0;
5 21 8 21 0;
12 21 0;
15 21 16 21 0;
18 21 20 21 0;
23 21 24 21 0;
26 21 28 21 0;
31 21 40 21 0;
6 22 7 22 0;
12 22 13 22 0;
15 22 0;
17 22 20 22 0;
23 22 24 22 0;
27 22 0;
31 22 40 22 0;
13 23 15 23 0;
17 23 20 23 0;
30 23 40 23 0;
7 24 0;
14 24 21 24 0;
29 24 30 24 0;
33 24 41 24 0;
46 24 0;
8 25 0;
13 25 18 25 0;
21 25 23 25 0;
25 25 0;
27 25 0;
29 25 30 25 0;
33 25 41 25 0;
8 26 9 26 0;
13 26 18 26 0;
21 26 23 26 0;
25 26 0;
27 26 29 26 0;
33 26 41 26 0;
48 26 49 26 0;
7 27 9 27 0;
13 27 19 27 0;
23 27 28 27 0;
34 27 42 27 0;
48 27 49 27 0;
7 28 8 28 0;
13 28 17 28 0;
25 28 26 28 0;
30 28 31 28 0;
34 28 42 28 0;
7 29 8 29 0;
11 29 17 29 0;
20 29 23 29 0;
29 29 42 29 0;
46 29 48 29 0;
8 30 0;
10 30 11 30 0;
13 30 21 30 0;
25 30 26 30 0;
31 30 42 30 0;
45 30 49 30 0;
10 31 11 31 0;
13 31 19 31 0;
23 31 28 31 0;
33 31 42 31 0;
46 31 48 31 0;
6 32 0;
10 32 20 32 0;
22 32 29 32 0;
32 32 43 32 0;
11 33 40 33 0;
44 33 0;
12 34 18 34 0;
23 34 29 34 0;
34 34 41 34 0;
44 34 0;
46 34 0;
14 35 17 35 0;
21 35 0;
24 35 28 35 0;
31 35 0;
35 35 44 35 0;
14 36 17 36 0;
24 36 28 36 0;
35 36 43 36 0;
14 37 18 37 0;
23 37 29 37 0;
34 37 41 37 0;
15 38 40 38 0;
16 39 33 39 0;
36 39 40 39 0;
15 40 0;
17 40 19 40 0;
22 40 23 40 0;
25 40 29 40 0;
31 40 0;
35 40 39 40 0;
15 41 20 41 0;
25 41 0;
31 41 0;
34 41 38 41 0;
41 41 42 41 0;
16 42 22 42 0;
25 42 0;
30 42 36 42 0;
40 42 43 42 0;
17 43 18 43 0;
21 43 34 43 0;
36 43 0;
41 43 42 43 0;
24 44 28 44 0;
32 44 33 44 0;
35 44 36 44 0;
39 44 0;
24 45 25 45 0;
28 45 0;
33 45 35 45 0;
25 46 27 46 0;
22 47 23 47 0;
21 48 24 48 0;
22 49 23 49 0;
