011 Metapod;
1;
24 12 25 12 0;
23 13 0;
26 13 27 13 0;
23 14 0;
28 14 29 14 0;
23 15 0;
30 15 0;
23 16 0;
31 16 33 16 0;
23 17 0;
30 17 31 17 0;
34 17 0;
22 18 23 18 0;
29 18 0;
31 18 32 18 0;
35 18 0;
22 19 24 19 0;
28 19 29 19 0;
31 19 33 19 0;
35 19 36 19 0;
22 20 23 20 0;
25 20 0;
27 20 0;
30 20 0;
33 20 34 20 0;
37 20 38 20 0;
22 21 23 21 0;
26 21 0;
31 21 33 21 0;
39 21 0;
23 22 0;
25 22 0;
27 22 0;
40 22 41 22 0;
24 23 0;
28 23 0;
42 23 0;
24 24 0;
29 24 0;
31 24 0;
38 24 41 24 0;
24 25 0;
30 25 0;
37 25 38 25 0;
24 26 0;
29 26 0;
36 26 0;
38 26 0;
25 27 0;
28 27 0;
35 27 0;
38 27 0;
25 28 26 28 0;
28 28 0;
33 28 0;
35 28 0;
38 28 0;
25 29 0;
27 29 28 29 0;
38 29 0;
25 30 0;
28 30 0;
33 30 0;
38 30 0;
25 31 0;
28 31 0;
38 31 0;
25 32 0;
27 32 0;
33 32 0;
38 32 0;
25 33 27 33 0;
37 33 0;
25 34 26 34 0;
32 34 0;
37 34 0;
16 35 17 35 0;
24 35 25 35 0;
37 35 0;
15 36 0;
18 36 0;
23 36 0;
25 36 0;
30 36 0;
36 36 0;
15 37 0;
19 37 22 37 0;
25 37 0;
36 37 0;
15 38 0;
21 38 0;
26 38 0;
28 38 0;
35 38 0;
16 39 0;
20 39 0;
27 39 0;
34 39 0;
16 40 0;
20 40 0;
25 40 0;
27 40 0;
33 40 0;
17 41 0;
20 41 21 41 0;
23 41 0;
28 41 0;
32 41 0;
18 42 19 42 0;
21 42 0;
29 42 31 42 0;
22 43 28 43 0;
