110 Weezing;
6;
7 2 9 2 0;
6 3 10 3 0;
2 4 3 4 0;
7 4 9 4 0;
36 4 41 4 0;
2 5 3 5 0;
19 5 22 5 0;
35 5 43 5 0;
18 6 0;
20 6 23 6 0;
34 6 36 6 0;
39 6 44 6 0;
4 7 0;
18 7 23 7 0;
34 7 35 7 0;
39 7 44 7 0;
8 8 9 8 0;
14 8 24 8 0;
33 8 35 8 0;
38 8 39 8 0;
41 8 45 8 0;
7 9 26 9 0;
31 9 45 9 0;
6 10 0;
8 10 45 10 0;
6 11 0;
8 11 30 11 0;
33 11 44 11 0;
7 12 15 12 0;
19 12 28 12 0;
34 12 41 12 0;
43 12 44 12 0;
7 13 14 13 0;
19 13 20 13 0;
24 13 29 13 0;
35 13 40 13 0;
42 13 43 13 0;
49 13 50 13 0;
6 14 13 14 0;
15 14 0;
18 14 20 14 0;
25 14 29 14 0;
36 14 42 14 0;
49 14 50 14 0;
6 15 13 15 0;
16 15 20 15 0;
25 15 30 15 0;
35 15 38 15 0;
5 16 17 16 0;
20 16 0;
23 16 38 16 0;
5 17 10 17 0;
13 17 16 17 0;
22 17 39 17 0;
52 17 53 17 0;
5 18 9 18 0;
11 18 0;
13 18 15 18 0;
20 18 23 18 0;
25 18 40 18 0;
51 18 54 18 0;
4 19 8 19 0;
12 19 14 19 0;
18 19 41 19 0;
49 19 0;
51 19 54 19 0;
3 20 8 20 0;
12 20 13 20 0;
17 20 42 20 0;
52 20 53 20 0;
3 21 0;
5 21 8 21 0;
11 21 12 21 0;
16 21 43 21 0;
45 21 47 21 0;
3 22 0;
5 22 12 22 0;
16 22 45 22 0;
48 22 0;
4 23 13 23 0;
15 23 45 23 0;
49 23 0;
5 24 10 24 0;
15 24 46 24 0;
49 24 0;
6 25 10 25 0;
15 25 49 25 0;
6 26 11 26 0;
14 26 49 26 0;
5 27 48 27 0;
4 28 5 28 0;
7 28 47 28 0;
4 29 0;
6 29 15 29 0;
18 29 23 29 0;
25 29 47 29 0;
4 30 16 30 0;
20 30 23 30 0;
25 30 28 30 0;
30 30 47 30 0;
5 31 7 31 0;
10 31 16 31 0;
20 31 0;
22 31 23 31 0;
25 31 27 31 0;
29 31 47 31 0;
10 32 17 32 0;
20 32 0;
24 32 26 32 0;
28 32 47 32 0;
11 33 13 33 0;
15 33 19 33 0;
23 33 27 33 0;
29 33 49 33 0;
11 34 13 34 0;
15 34 27 34 0;
29 34 0;
31 34 47 34 0;
50 34 0;
11 35 13 35 0;
15 35 27 35 0;
29 35 0;
33 35 47 35 0;
50 35 0;
7 36 0;
12 36 13 36 0;
16 36 28 36 0;
35 36 48 36 0;
50 36 0;
12 37 13 37 0;
16 37 30 37 0;
38 37 50 37 0;
2 38 4 38 0;
11 38 13 38 0;
16 38 17 38 0;
19 38 32 38 0;
37 38 49 38 0;
1 39 5 39 0;
11 39 14 39 0;
16 39 17 39 0;
21 39 47 39 0;
1 40 5 40 0;
10 40 19 40 0;
23 40 46 40 0;
2 41 4 41 0;
9 41 10 41 0;
12 41 21 41 0;
25 41 45 41 0;
9 42 0;
11 42 23 42 0;
26 42 45 42 0;
50 42 51 42 0;
5 43 6 43 0;
9 43 27 43 0;
29 43 32 43 0;
34 43 45 43 0;
50 43 51 43 0;
5 44 6 44 0;
10 44 27 44 0;
33 44 46 44 0;
11 45 13 45 0;
15 45 27 45 0;
33 45 47 45 0;
8 46 0;
16 46 27 46 0;
32 46 47 46 0;
17 47 28 47 0;
31 47 47 47 0;
51 47 53 47 0;
18 48 40 48 0;
42 48 46 48 0;
50 48 54 48 0;
19 49 39 49 0;
43 49 45 49 0;
50 49 54 49 0;
21 50 37 50 0;
51 50 53 50 0;
14 51 15 51 0;
24 51 38 51 0;
48 51 0;
14 52 15 52 0;
28 52 38 52 0;
34 53 35 53 0;
37 53 0;
35 54 36 54 0;
