111 Rhyhorn;
7;
27 1 28 1 0;
26 2 0;
29 2 0;
26 3 0;
30 3 0;
25 4 0;
31 4 0;
39 4 0;
25 5 0;
31 5 0;
38 5 0;
40 5 0;
24 6 25 6 0;
32 6 0;
34 6 35 6 0;
37 6 0;
40 6 0;
16 7 17 7 0;
23 7 25 7 0;
33 7 0;
36 7 0;
41 7 0;
10 8 0;
15 8 0;
18 8 0;
21 8 24 8 0;
37 8 0;
41 8 0;
45 8 46 8 0;
9 9 0;
11 9 0;
15 9 0;
19 9 20 9 0;
24 9 0;
31 9 32 9 0;
35 9 0;
38 9 41 9 0;
43 9 44 9 0;
47 9 0;
9 10 0;
12 10 0;
15 10 0;
21 10 23 10 0;
30 10 0;
33 10 0;
35 10 0;
41 10 42 10 0;
47 10 0;
9 11 0;
13 11 0;
15 11 0;
30 11 0;
33 11 0;
36 11 0;
43 11 44 11 0;
47 11 0;
9 12 0;
14 12 15 12 0;
29 12 0;
35 12 0;
37 12 0;
41 12 42 12 0;
45 12 0;
47 12 0;
9 13 0;
15 13 0;
30 13 0;
38 13 40 13 0;
46 13 47 13 0;
9 14 0;
12 14 15 14 0;
20 14 25 14 0;
27 14 29 14 0;
39 14 0;
47 14 0;
9 15 0;
12 15 0;
19 15 0;
25 15 28 15 0;
30 15 0;
37 15 38 15 0;
47 15 0;
9 16 0;
11 16 0;
17 16 19 16 0;
23 16 0;
26 16 27 16 0;
30 16 33 16 0;
35 16 37 16 0;
46 16 0;
48 16 0;
9 17 12 17 0;
15 17 16 17 0;
23 17 25 17 0;
28 17 0;
34 17 35 17 0;
46 17 0;
48 17 0;
8 18 0;
13 18 14 18 0;
19 18 0;
23 18 25 18 0;
29 18 0;
46 18 0;
49 18 0;
7 19 0;
23 19 26 19 0;
29 19 0;
46 19 0;
50 19 0;
6 20 0;
17 20 18 20 0;
29 20 0;
46 20 0;
50 20 0;
6 21 0;
15 21 16 21 0;
31 21 0;
46 21 48 21 0;
50 21 0;
5 22 0;
13 22 15 22 0;
31 22 0;
44 22 45 22 0;
48 22 52 22 0;
5 23 0;
11 23 14 23 0;
26 23 0;
29 23 33 23 0;
53 23 0;
5 24 0;
10 24 14 24 0;
24 24 25 24 0;
28 24 0;
32 24 36 24 0;
43 24 44 24 0;
53 24 0;
4 25 0;
9 25 13 25 0;
23 25 0;
33 25 38 25 0;
41 25 43 25 0;
45 25 0;
52 25 0;
1 26 2 26 0;
4 26 0;
9 26 13 26 0;
21 26 22 26 0;
27 26 0;
33 26 40 26 0;
44 26 0;
46 26 0;
52 26 53 26 0;
0 27 0;
3 27 4 27 0;
8 27 12 27 0;
20 27 22 27 0;
26 27 0;
33 27 0;
47 27 0;
51 27 0;
53 27 0;
0 28 0;
5 28 0;
8 28 12 28 0;
19 28 20 28 0;
22 28 0;
25 28 0;
32 28 0;
46 28 0;
51 28 0;
53 28 0;
0 29 0;
6 29 11 29 0;
18 29 19 29 0;
22 29 0;
24 29 0;
32 29 0;
45 29 0;
52 29 54 29 0;
0 30 0;
8 30 10 30 0;
17 30 18 30 0;
22 30 23 30 0;
32 30 0;
44 30 45 30 0;
1 31 0;
9 31 0;
17 31 0;
22 31 23 31 0;
33 31 0;
43 31 44 31 0;
47 31 0;
54 31 0;
1 32 0;
11 32 0;
16 32 17 32 0;
22 32 0;
34 32 0;
43 32 0;
48 32 0;
53 32 0;
0 33 0;
2 33 0;
16 33 0;
18 33 0;
21 33 0;
34 33 0;
43 33 0;
49 33 0;
52 33 0;
54 33 0;
0 34 0;
2 34 0;
16 34 18 34 0;
20 34 0;
26 34 29 34 0;
34 34 0;
49 34 0;
53 34 0;
0 35 0;
2 35 0;
16 35 19 35 0;
25 35 30 35 0;
33 35 0;
48 35 49 35 0;
52 35 0;
0 36 0;
3 36 0;
15 36 0;
24 36 32 36 0;
35 36 37 36 0;
47 36 0;
50 36 52 36 0;
0 37 0;
4 37 0;
10 37 0;
14 37 0;
23 37 0;
25 37 30 37 0;
33 37 39 37 0;
45 37 46 37 0;
49 37 51 37 0;
0 38 0;
4 38 0;
13 38 0;
22 38 0;
25 38 29 38 0;
33 38 0;
36 38 40 38 0;
43 38 50 38 0;
53 38 0;
1 39 0;
5 39 0;
9 39 0;
12 39 0;
21 39 0;
25 39 28 39 0;
31 39 32 39 0;
38 39 50 39 0;
52 39 0;
1 40 0;
6 40 7 40 0;
12 40 0;
20 40 0;
25 40 27 40 0;
30 40 0;
40 40 51 40 0;
53 40 0;
2 41 3 41 0;
11 41 0;
19 41 0;
24 41 26 41 0;
30 41 0;
40 41 50 41 0;
52 41 0;
2 42 0;
4 42 0;
11 42 0;
18 42 20 42 0;
23 42 25 42 0;
29 42 0;
40 42 51 42 0;
2 43 0;
4 43 0;
16 43 24 43 0;
28 43 0;
39 43 54 43 0;
3 44 0;
14 44 23 44 0;
27 44 0;
39 44 0;
42 44 54 44 0;
4 45 5 45 0;
10 45 20 45 0;
26 45 30 45 0;
39 45 0;
44 45 53 45 0;
4 46 17 46 0;
25 46 0;
31 46 33 46 0;
38 46 0;
45 46 53 46 0;
5 47 14 47 0;
24 47 0;
34 47 0;
38 47 0;
46 47 52 47 0;
5 48 0;
7 48 10 48 0;
19 48 23 48 0;
35 48 0;
37 48 0;
46 48 47 48 0;
50 48 51 48 0;
6 49 0;
19 49 20 49 0;
23 49 0;
36 49 37 49 0;
7 50 8 50 0;
11 50 13 50 0;
15 50 19 50 0;
23 50 25 50 0;
36 50 0;
9 51 10 51 0;
14 51 0;
19 51 0;
22 51 0;
26 51 0;
29 51 31 51 0;
36 51 0;
10 52 0;
14 52 0;
19 52 0;
21 52 0;
26 52 0;
28 52 0;
32 52 0;
36 52 0;
9 53 11 53 0;
14 53 0;
18 53 0;
21 53 25 53 0;
27 53 28 53 0;
32 53 35 53 0;
8 54 0;
11 54 13 54 0;
15 54 17 54 0;
29 54 31 54 0;
9 55 11 55 0;
