112 Rhydon;
7;
9 1 10 1 0;
27 1 29 1 0;
8 2 0;
11 2 12 2 0;
25 2 26 2 0;
30 2 0;
8 3 0;
13 3 14 3 0;
24 3 0;
30 3 0;
8 4 0;
15 4 0;
23 4 0;
26 4 27 4 0;
29 4 0;
9 5 0;
16 5 20 5 0;
22 5 0;
25 5 0;
29 5 0;
9 6 0;
12 6 13 6 0;
15 6 0;
21 6 0;
24 6 0;
29 6 30 6 0;
8 7 0;
10 7 11 7 0;
23 7 0;
30 7 0;
37 7 39 7 0;
7 8 0;
31 8 0;
34 8 36 8 0;
40 8 0;
4 9 5 9 0;
8 9 9 9 0;
32 9 33 9 0;
40 9 0;
3 10 0;
6 10 0;
8 10 0;
10 10 13 10 0;
34 10 0;
39 10 0;
3 11 0;
7 11 8 11 0;
35 11 0;
40 11 42 11 0;
3 12 0;
8 12 0;
25 12 26 12 0;
36 12 0;
43 12 44 12 0;
4 13 0;
9 13 0;
24 13 0;
30 13 0;
37 13 0;
45 13 0;
4 14 0;
10 14 0;
23 14 0;
26 14 0;
31 14 32 14 0;
37 14 0;
43 14 45 14 0;
5 15 0;
11 15 0;
22 15 0;
27 15 0;
33 15 0;
38 15 0;
41 15 42 15 0;
5 16 0;
12 16 0;
21 16 0;
27 16 0;
32 16 0;
38 16 0;
43 16 0;
5 17 0;
7 17 8 17 0;
13 17 0;
20 17 22 17 0;
26 17 0;
31 17 34 17 0;
39 17 0;
43 17 0;
6 18 0;
14 18 0;
19 18 0;
21 18 22 18 0;
24 18 25 18 0;
35 18 0;
37 18 0;
39 18 0;
41 18 42 18 0;
5 19 6 19 0;
19 19 23 19 0;
35 19 0;
38 19 40 19 0;
43 19 0;
5 20 0;
7 20 0;
19 20 21 20 0;
33 20 34 20 0;
37 20 0;
40 20 0;
43 20 0;
5 21 0;
7 21 10 21 0;
31 21 32 21 0;
41 21 44 21 0;
4 22 5 22 0;
8 22 0;
33 22 0;
45 22 0;
3 23 0;
5 23 0;
9 23 0;
24 23 29 23 0;
34 23 0;
46 23 0;
2 24 0;
6 24 0;
22 24 23 24 0;
26 24 28 24 0;
32 24 33 24 0;
47 24 0;
2 25 0;
6 25 0;
11 25 0;
15 25 0;
21 25 0;
25 25 28 25 0;
31 25 0;
47 25 0;
1 26 0;
7 26 0;
19 26 22 26 0;
24 26 26 26 0;
31 26 0;
40 26 41 26 0;
43 26 0;
48 26 0;
1 27 0;
8 27 9 27 0;
16 27 23 27 0;
30 27 0;
38 27 39 27 0;
48 27 0;
1 28 0;
10 28 15 28 0;
28 28 29 28 0;
37 28 0;
45 28 0;
48 28 0;
1 29 0;
12 29 0;
25 29 27 29 0;
35 29 36 29 0;
46 29 0;
48 29 0;
0 30 0;
2 30 0;
8 30 9 30 0;
13 30 24 30 0;
34 30 0;
36 30 0;
46 30 0;
48 30 0;
0 31 0;
2 31 7 31 0;
9 31 0;
33 31 0;
36 31 0;
46 31 47 31 0;
1 32 2 32 0;
5 32 0;
8 32 0;
34 32 37 32 0;
46 32 0;
3 33 4 33 0;
8 33 0;
35 33 0;
38 33 0;
45 33 0;
47 33 0;
8 34 0;
16 34 25 34 0;
35 34 0;
39 34 40 34 0;
44 34 0;
47 34 0;
7 35 0;
14 35 15 35 0;
26 35 27 35 0;
36 35 38 35 0;
41 35 0;
43 35 46 35 0;
7 36 0;
13 36 0;
28 36 29 36 0;
32 36 0;
38 36 0;
41 36 47 36 0;
7 37 8 37 0;
12 37 0;
30 37 0;
39 37 40 37 0;
43 37 45 37 0;
48 37 0;
6 38 0;
12 38 0;
29 38 0;
41 38 0;
44 38 0;
48 38 0;
5 39 0;
12 39 0;
28 39 0;
42 39 0;
44 39 0;
49 39 0;
5 40 0;
13 40 27 40 0;
39 40 0;
43 40 0;
50 40 0;
4 41 0;
12 41 0;
27 41 0;
38 41 0;
40 41 41 41 0;
43 41 0;
47 41 49 41 0;
51 41 0;
4 42 0;
12 42 0;
26 42 0;
38 42 0;
42 42 43 42 0;
46 42 0;
52 42 0;
4 43 0;
12 43 0;
26 43 0;
38 43 0;
44 43 47 43 0;
53 43 0;
4 44 0;
13 44 0;
26 44 0;
39 44 0;
53 44 0;
4 45 0;
13 45 0;
26 45 0;
29 45 31 45 0;
33 45 37 45 0;
39 45 0;
49 45 0;
54 45 0;
5 46 0;
14 46 26 46 0;
28 46 0;
32 46 0;
38 46 0;
40 46 0;
44 46 0;
54 46 0;
5 47 0;
16 47 0;
27 47 0;
31 47 0;
39 47 40 47 0;
43 47 0;
49 47 0;
54 47 0;
6 48 0;
17 48 18 48 0;
26 48 0;
31 48 0;
39 48 41 48 0;
43 48 0;
48 48 0;
54 48 0;
7 49 0;
10 49 11 49 0;
15 49 16 49 0;
18 49 26 49 0;
31 49 0;
40 49 43 49 0;
48 49 0;
54 49 0;
8 50 9 50 0;
12 50 0;
14 50 0;
17 50 18 50 0;
22 50 23 50 0;
26 50 0;
28 50 37 50 0;
40 50 41 50 0;
44 50 46 50 0;
48 50 0;
53 50 0;
8 51 0;
13 51 0;
18 51 0;
20 51 21 51 0;
27 51 40 51 0;
47 51 52 51 0;
8 52 0;
12 52 0;
18 52 19 52 0;
31 52 39 52 0;
9 53 17 53 0;
