113 Chansey;
7;
31 4 37 4 0;
26 5 30 5 0;
38 5 39 5 0;
24 6 25 6 0;
27 6 28 6 0;
40 6 0;
21 7 23 7 0;
26 7 0;
41 7 0;
15 8 20 8 0;
25 8 0;
42 8 0;
14 9 0;
24 9 0;
29 9 30 9 0;
43 9 0;
15 10 20 10 0;
23 10 0;
28 10 0;
43 10 0;
21 11 22 11 0;
28 11 29 11 0;
35 11 36 11 0;
44 11 0;
19 12 20 12 0;
25 12 0;
28 12 29 12 0;
34 12 0;
44 12 0;
17 13 18 13 0;
27 13 0;
34 13 35 13 0;
45 13 0;
15 14 16 14 0;
27 14 29 14 0;
34 14 35 14 0;
45 14 46 14 0;
14 15 0;
19 15 22 15 0;
28 15 31 15 0;
44 15 0;
46 15 50 15 0;
13 16 0;
17 16 18 16 0;
23 16 0;
28 16 29 16 0;
36 16 0;
44 16 0;
46 16 0;
51 16 0;
12 17 0;
23 17 0;
37 17 0;
44 17 0;
47 17 0;
49 17 50 17 0;
11 18 0;
23 18 25 18 0;
40 18 0;
45 18 0;
48 18 0;
10 19 0;
22 19 0;
26 19 0;
41 19 0;
45 19 0;
49 19 0;
9 20 0;
20 20 21 20 0;
27 20 0;
41 20 0;
46 20 47 20 0;
50 20 0;
8 21 0;
18 21 19 21 0;
21 21 0;
28 21 0;
42 21 0;
46 21 0;
48 21 50 21 0;
8 22 0;
16 22 17 22 0;
22 22 0;
29 22 30 22 0;
43 22 0;
47 22 0;
7 23 0;
22 23 0;
31 23 32 23 0;
44 23 0;
48 23 0;
7 24 0;
23 24 0;
45 24 46 24 0;
49 24 0;
6 25 0;
23 25 0;
45 25 0;
47 25 49 25 0;
6 26 0;
24 26 0;
45 26 0;
50 26 0;
6 27 0;
25 27 0;
46 27 0;
49 27 0;
51 27 0;
5 28 0;
26 28 0;
46 28 0;
49 28 0;
51 28 0;
5 29 0;
20 29 23 29 0;
27 29 28 29 0;
46 29 0;
48 29 0;
51 29 0;
5 30 0;
19 30 0;
24 30 0;
46 30 0;
48 30 0;
51 30 0;
5 31 0;
18 31 0;
25 31 0;
47 31 0;
51 31 0;
5 32 0;
17 32 0;
26 32 0;
47 32 0;
50 32 0;
5 33 0;
16 33 0;
27 33 0;
47 33 0;
50 33 0;
5 34 0;
16 34 0;
28 34 0;
47 34 0;
50 34 0;
5 35 0;
15 35 0;
28 35 0;
47 35 0;
49 35 0;
5 36 0;
15 36 0;
27 36 29 36 0;
44 36 49 36 0;
6 37 0;
15 37 17 37 0;
24 37 26 37 0;
30 37 0;
43 37 0;
49 37 0;
6 38 0;
14 38 0;
18 38 23 38 0;
30 38 0;
42 38 0;
46 38 47 38 0;
50 38 0;
6 39 0;
14 39 0;
30 39 0;
41 39 0;
44 39 0;
48 39 0;
50 39 0;
6 40 0;
14 40 0;
30 40 0;
40 40 0;
43 40 0;
50 40 0;
7 41 0;
14 41 0;
30 41 0;
39 41 0;
42 41 0;
50 41 0;
7 42 0;
14 42 0;
29 42 0;
38 42 0;
41 42 0;
49 42 0;
8 43 0;
15 43 0;
37 43 0;
40 43 0;
48 43 0;
9 44 0;
28 44 0;
36 44 0;
39 44 0;
47 44 0;
10 45 0;
16 45 0;
27 45 0;
36 45 0;
38 45 0;
46 45 0;
10 46 11 46 0;
17 46 0;
26 46 0;
35 46 0;
45 46 0;
8 47 9 47 0;
12 47 13 47 0;
19 47 24 47 0;
35 47 0;
44 47 0;
6 48 7 48 0;
14 48 16 48 0;
34 48 35 48 0;
43 48 0;
5 49 0;
17 49 20 49 0;
28 49 33 49 0;
35 49 0;
42 49 0;
5 50 0;
14 50 17 50 0;
21 50 27 50 0;
36 50 0;
40 50 41 50 0;
6 51 13 51 0;
37 51 39 51 0;
