114 Tangela;
1;
20 6 24 6 0;
33 6 34 6 0;
13 7 15 7 0;
17 7 19 7 0;
25 7 27 7 0;
31 7 32 7 0;
35 7 0;
11 8 12 8 0;
16 8 0;
28 8 30 8 0;
35 8 0;
10 9 0;
15 9 0;
22 9 23 9 0;
34 9 39 9 0;
44 9 46 9 0;
9 10 0;
14 10 15 10 0;
19 10 21 10 0;
24 10 27 10 0;
31 10 35 10 0;
40 10 0;
42 10 43 10 0;
47 10 0;
9 11 0;
13 11 14 11 0;
18 11 0;
25 11 0;
28 11 34 11 0;
40 11 41 11 0;
47 11 0;
8 12 0;
12 12 13 12 0;
17 12 21 12 0;
26 12 0;
29 12 0;
39 12 40 12 0;
45 12 46 12 0;
8 13 0;
11 13 12 13 0;
14 13 17 13 0;
22 13 0;
26 13 0;
30 13 0;
37 13 38 13 0;
44 13 45 13 0;
7 14 0;
11 14 14 14 0;
16 14 0;
22 14 23 14 0;
26 14 27 14 0;
31 14 32 14 0;
35 14 36 14 0;
42 14 44 14 0;
7 15 0;
10 15 0;
16 15 0;
20 15 21 15 0;
23 15 0;
26 15 28 15 0;
33 15 34 15 0;
40 15 41 15 0;
45 15 0;
7 16 0;
9 16 0;
15 16 0;
19 16 0;
23 16 0;
26 16 0;
29 16 0;
35 16 37 16 0;
39 16 40 16 0;
46 16 0;
7 17 0;
9 17 0;
14 17 15 17 0;
18 17 20 17 0;
23 17 0;
26 17 27 17 0;
30 17 31 17 0;
38 17 40 17 0;
43 17 0;
47 17 0;
8 18 0;
13 18 0;
15 18 0;
18 18 20 18 0;
23 18 0;
26 18 28 18 0;
31 18 34 18 0;
40 18 45 18 0;
47 18 0;
8 19 0;
13 19 0;
15 19 0;
18 19 20 19 0;
23 19 0;
27 19 28 19 0;
31 19 32 19 0;
35 19 36 19 0;
41 19 42 19 0;
44 19 45 19 0;
48 19 0;
8 20 0;
12 20 0;
15 20 0;
18 20 20 20 0;
24 20 0;
28 20 29 20 0;
31 20 0;
37 20 38 20 0;
42 20 43 20 0;
45 20 46 20 0;
48 20 0;
8 21 0;
12 21 0;
15 21 0;
19 21 21 21 0;
24 21 0;
30 21 32 21 0;
37 21 0;
39 21 0;
43 21 0;
46 21 0;
48 21 0;
8 22 9 22 0;
12 22 0;
15 22 0;
19 22 21 22 0;
25 22 26 22 0;
33 22 36 22 0;
38 22 41 22 0;
43 22 44 22 0;
47 22 0;
7 23 0;
9 23 0;
13 23 0;
15 23 16 23 0;
20 23 22 23 0;
27 23 29 23 0;
33 23 0;
37 23 38 23 0;
41 23 0;
44 23 0;
47 23 0;
7 24 0;
9 24 0;
14 24 0;
16 24 26 24 0;
30 24 32 24 0;
34 24 37 24 0;
42 24 0;
44 24 0;
47 24 0;
6 25 0;
10 25 0;
15 25 19 25 0;
22 25 24 25 0;
27 25 0;
31 25 0;
36 25 39 25 0;
43 25 45 25 0;
48 25 0;
6 26 0;
9 26 0;
11 26 0;
16 26 18 26 0;
23 26 0;
28 26 0;
32 26 0;
39 26 40 26 0;
44 26 45 26 0;
48 26 0;
6 27 0;
10 27 12 27 0;
16 27 18 27 0;
21 27 0;
23 27 0;
26 27 0;
28 27 0;
32 27 34 27 0;
40 27 0;
44 27 0;
48 27 0;
7 28 0;
13 28 0;
16 28 18 28 0;
23 28 0;
28 28 29 28 0;
32 28 0;
35 28 37 28 0;
40 28 0;
44 28 0;
48 28 0;
8 29 9 29 0;
13 29 0;
17 29 19 29 0;
22 29 24 29 0;
27 29 29 29 0;
33 29 0;
35 29 0;
38 29 0;
41 29 0;
44 29 0;
47 29 0;
7 30 8 30 0;
10 30 11 30 0;
14 30 0;
17 30 29 30 0;
33 30 35 30 0;
38 30 0;
41 30 0;
44 30 0;
47 30 0;
7 31 0;
10 31 0;
12 31 14 31 0;
18 31 27 31 0;
30 31 0;
34 31 0;
37 31 0;
41 31 0;
44 31 45 31 0;
47 31 0;
6 32 0;
9 32 0;
15 32 0;
20 32 21 32 0;
24 32 0;
27 32 0;
30 32 0;
35 32 38 32 0;
40 32 42 32 0;
45 32 0;
48 32 0;
6 33 0;
8 33 0;
10 33 11 33 0;
16 33 17 33 0;
24 33 0;
27 33 0;
31 33 0;
39 33 0;
42 33 0;
45 33 0;
48 33 0;
7 34 0;
10 34 0;
12 34 0;
18 34 19 34 0;
23 34 25 34 0;
28 34 0;
32 34 33 34 0;
39 34 0;
42 34 43 34 0;
46 34 48 34 0;
8 35 0;
12 35 13 35 0;
18 35 23 35 0;
25 35 0;
28 35 0;
34 35 41 35 0;
43 35 0;
47 35 0;
9 36 0;
11 36 12 36 0;
14 36 0;
17 36 18 36 0;
20 36 0;
22 36 0;
26 36 0;
29 36 0;
42 36 44 36 0;
48 36 0;
6 37 8 37 0;
10 37 0;
12 37 0;
15 37 17 37 0;
21 37 23 37 0;
26 37 0;
30 37 31 37 0;
45 37 0;
49 37 0;
5 38 11 38 0;
13 38 0;
17 38 18 38 0;
22 38 23 38 0;
27 38 0;
30 38 41 38 0;
45 38 46 38 0;
49 38 0;
5 39 14 39 0;
18 39 19 39 0;
23 39 24 39 0;
27 39 28 39 0;
31 39 0;
37 39 38 39 0;
42 39 44 39 0;
47 39 48 39 0;
6 40 16 40 0;
20 40 23 40 0;
25 40 0;
28 40 34 40 0;
38 40 39 40 0;
41 40 0;
7 41 18 41 0;
22 41 0;
26 41 27 41 0;
35 41 41 41 0;
8 42 19 42 0;
22 42 0;
28 42 34 42 0;
40 42 41 42 0;
10 43 17 43 0;
20 43 21 43 0;
35 43 41 43 0;
11 44 17 44 0;
34 44 41 44 0;
13 45 16 45 0;
33 45 41 45 0;
32 46 40 46 0;
32 47 40 47 0;
33 48 39 48 0;
34 49 38 49 0;
