115 Kangaskhan;
7;
14 0 17 0 0;
13 1 0;
18 1 0;
12 2 0;
17 2 0;
19 2 0;
11 3 0;
14 3 23 3 0;
11 4 13 4 0;
24 4 26 4 0;
10 5 0;
27 5 28 5 0;
9 6 0;
29 6 0;
34 6 40 6 0;
8 7 0;
30 7 33 7 0;
41 7 0;
6 8 7 8 0;
29 8 0;
40 8 0;
5 9 0;
28 9 0;
38 9 39 9 0;
4 10 0;
27 10 0;
37 10 0;
3 11 0;
18 11 22 11 0;
26 11 0;
36 11 0;
2 12 0;
16 12 17 12 0;
23 12 25 12 0;
35 12 0;
2 13 0;
14 13 15 13 0;
23 13 0;
33 13 34 13 0;
2 14 0;
13 14 0;
16 14 0;
22 14 0;
27 14 0;
32 14 33 14 0;
1 15 0;
3 15 4 15 0;
12 15 0;
15 15 16 15 0;
22 15 0;
28 15 31 15 0;
33 15 34 15 0;
1 16 0;
5 16 8 16 0;
11 16 12 16 0;
15 16 16 16 0;
21 16 0;
33 16 0;
35 16 0;
1 17 0;
13 17 20 17 0;
36 17 0;
2 18 0;
5 18 0;
24 18 0;
35 18 0;
3 19 0;
24 19 0;
34 19 0;
4 20 10 20 0;
23 20 0;
31 20 0;
34 20 0;
8 21 0;
11 21 22 21 0;
32 21 0;
34 21 37 21 0;
8 22 0;
11 22 15 22 0;
20 22 21 22 0;
33 22 34 22 0;
38 22 0;
8 23 0;
10 23 17 23 0;
20 23 0;
23 23 0;
30 23 33 23 0;
38 23 0;
3 24 6 24 0;
9 24 0;
11 24 14 24 0;
18 24 0;
20 24 0;
27 24 30 24 0;
38 24 0;
2 25 0;
7 25 9 25 0;
11 25 12 25 0;
19 25 20 25 0;
22 25 0;
26 25 0;
31 25 0;
36 25 0;
39 25 0;
2 26 0;
9 26 0;
11 26 0;
19 26 0;
22 26 0;
25 26 0;
31 26 34 26 0;
37 26 0;
40 26 0;
3 27 6 27 0;
9 27 0;
11 27 0;
19 27 0;
21 27 0;
25 27 26 27 0;
30 27 31 27 0;
35 27 0;
38 27 0;
40 27 0;
51 27 0;
2 28 0;
7 28 9 28 0;
12 28 0;
18 28 0;
21 28 0;
24 28 0;
27 28 29 28 0;
35 28 0;
39 28 40 28 0;
50 28 0;
52 28 0;
1 29 0;
8 29 0;
10 29 0;
13 29 17 29 0;
20 29 0;
24 29 0;
28 29 0;
35 29 0;
40 29 41 29 0;
50 29 0;
52 29 0;
1 30 0;
6 30 7 30 0;
10 30 11 30 0;
19 30 0;
25 30 0;
28 30 34 30 0;
42 30 44 30 0;
49 30 0;
52 30 0;
1 31 0;
4 31 5 31 0;
10 31 0;
12 31 13 31 0;
16 31 21 31 0;
26 31 29 31 0;
42 31 0;
45 31 0;
49 31 0;
52 31 0;
2 32 6 32 0;
10 32 0;
14 32 15 32 0;
22 32 25 32 0;
29 32 0;
42 32 0;
46 32 0;
48 32 0;
52 32 0;
1 33 0;
6 33 9 33 0;
13 33 0;
19 33 22 33 0;
26 33 0;
29 33 30 33 0;
41 33 0;
46 33 0;
48 33 0;
53 33 0;
1 34 0;
5 34 6 34 0;
9 34 0;
12 34 0;
16 34 18 34 0;
23 34 0;
27 34 0;
31 34 0;
41 34 0;
46 34 47 34 0;
54 34 0;
2 35 4 35 0;
6 35 0;
9 35 0;
11 35 0;
13 35 15 35 0;
19 35 21 35 0;
24 35 27 35 0;
31 35 0;
41 35 0;
46 35 0;
50 35 0;
54 35 0;
6 36 0;
9 36 0;
11 36 0;
18 36 19 36 0;
21 36 22 36 0;
26 36 0;
30 36 36 36 0;
40 36 0;
42 36 0;
45 36 0;
50 36 0;
54 36 0;
6 37 0;
8 37 0;
11 37 0;
19 37 22 37 0;
26 37 0;
29 37 0;
37 37 40 37 0;
43 37 46 37 0;
51 37 53 37 0;
7 38 8 38 0;
12 38 15 38 0;
25 38 28 38 0;
39 38 0;
41 38 44 38 0;
47 38 48 38 0;
53 38 0;
8 39 0;
12 39 13 39 0;
16 39 17 39 0;
22 39 25 39 0;
27 39 28 39 0;
39 39 40 39 0;
45 39 0;
49 39 0;
53 39 0;
8 40 0;
10 40 11 40 0;
14 40 0;
18 40 19 40 0;
21 40 0;
25 40 26 40 0;
28 40 0;
38 40 0;
46 40 0;
49 40 0;
8 41 0;
11 41 0;
15 41 0;
20 41 0;
25 41 0;
28 41 0;
38 41 0;
46 41 0;
49 41 0;
52 41 0;
8 42 0;
11 42 0;
15 42 20 42 0;
25 42 0;
27 42 0;
38 42 0;
46 42 0;
48 42 0;
52 42 0;
7 43 0;
11 43 0;
15 43 0;
20 43 0;
24 43 0;
27 43 0;
39 43 0;
47 43 0;
51 43 0;
7 44 0;
12 44 14 44 0;
21 44 23 44 0;
27 44 0;
30 44 32 44 0;
34 44 0;
40 44 42 44 0;
47 44 0;
51 44 0;
7 45 0;
12 45 0;
29 45 0;
36 45 0;
43 45 47 45 0;
50 45 0;
6 46 0;
12 46 0;
28 46 0;
37 46 0;
46 46 47 46 0;
49 46 0;
6 47 0;
8 47 9 47 0;
13 47 14 47 0;
26 47 28 47 0;
37 47 0;
47 47 48 47 0;
6 48 7 48 0;
15 48 0;
23 48 25 48 0;
28 48 0;
37 48 0;
47 48 0;
6 49 7 49 0;
17 49 22 49 0;
29 49 0;
36 49 0;
47 49 0;
4 50 5 50 0;
8 50 9 50 0;
18 50 0;
30 50 0;
35 50 0;
40 50 44 50 0;
47 50 0;
3 51 0;
10 51 12 51 0;
18 51 20 51 0;
30 51 34 51 0;
38 51 0;
45 51 46 51 0;
48 51 0;
2 52 0;
13 52 0;
18 52 0;
21 52 29 52 0;
34 52 0;
37 52 0;
47 52 48 52 0;
2 53 0;
14 53 0;
17 53 0;
35 53 36 53 0;
49 53 0;
3 54 16 54 0;
37 54 48 54 0;
