116 Horsea;
2;
18 12 0;
17 13 0;
19 13 0;
17 14 0;
19 14 0;
33 14 34 14 0;
17 15 0;
19 15 0;
32 15 0;
35 15 0;
17 16 0;
20 16 24 16 0;
31 16 0;
35 16 0;
17 17 18 17 0;
25 17 26 17 0;
30 17 0;
34 17 0;
16 18 0;
27 18 0;
29 18 0;
33 18 0;
15 19 0;
28 19 0;
32 19 0;
15 20 0;
22 20 25 20 0;
31 20 0;
14 21 0;
16 21 0;
21 21 0;
26 21 0;
30 21 31 21 0;
14 22 17 22 0;
21 22 23 22 0;
26 22 0;
30 22 35 22 0;
14 23 17 23 0;
21 23 24 23 0;
26 23 0;
36 23 37 23 0;
14 24 0;
16 24 17 24 0;
21 24 0;
23 24 24 24 0;
26 24 0;
33 24 35 24 0;
38 24 0;
13 25 16 25 0;
22 25 25 25 0;
31 25 32 25 0;
39 25 0;
11 26 12 26 0;
29 26 0;
33 26 34 26 0;
39 26 0;
10 27 0;
20 27 0;
28 27 30 27 0;
35 27 0;
39 27 0;
10 28 0;
12 28 14 28 0;
19 28 0;
27 28 0;
31 28 34 28 0;
39 28 0;
10 29 0;
12 29 14 29 0;
18 29 0;
25 29 26 29 0;
39 29 0;
10 30 0;
12 30 14 30 0;
18 30 0;
23 30 24 30 0;
34 30 0;
37 30 38 30 0;
11 31 0;
17 31 24 31 0;
34 31 0;
38 31 0;
12 32 16 32 0;
24 32 0;
26 32 29 32 0;
33 32 0;
37 32 0;
39 32 0;
25 33 0;
30 33 0;
32 33 0;
36 33 0;
39 33 0;
24 34 0;
31 34 0;
35 34 0;
40 34 0;
24 35 0;
32 35 34 35 0;
40 35 0;
24 36 0;
32 36 0;
40 36 0;
24 37 0;
29 37 0;
32 37 0;
35 37 0;
39 37 0;
24 38 0;
30 38 31 38 0;
36 38 0;
39 38 0;
25 39 0;
32 39 0;
38 39 0;
25 40 0;
32 40 0;
37 40 0;
26 41 0;
29 41 0;
33 41 0;
36 41 0;
27 42 29 42 0;
34 42 35 42 0;
30 43 33 43 0;
