117 Seadra;
2;
30 4 31 4 0;
43 4 0;
30 5 0;
32 5 0;
43 5 0;
30 6 0;
33 6 0;
42 6 0;
44 6 0;
31 7 0;
34 7 0;
42 7 0;
44 7 0;
9 8 0;
18 8 0;
31 8 0;
34 8 0;
42 8 0;
44 8 0;
8 9 0;
10 9 0;
17 9 0;
19 9 0;
31 9 0;
35 9 0;
41 9 0;
44 9 0;
8 10 0;
11 10 0;
17 10 0;
19 10 0;
32 10 0;
35 10 0;
41 10 0;
44 10 0;
9 11 0;
12 11 0;
17 11 0;
19 11 0;
32 11 0;
35 11 0;
40 11 0;
44 11 0;
9 12 0;
12 12 0;
17 12 0;
19 12 0;
32 12 0;
36 12 0;
40 12 0;
44 12 0;
10 13 0;
13 13 0;
17 13 0;
19 13 0;
33 13 0;
36 13 0;
40 13 0;
43 13 0;
10 14 0;
13 14 0;
17 14 0;
19 14 0;
29 14 33 14 0;
36 14 0;
39 14 0;
43 14 0;
10 15 0;
13 15 0;
16 15 0;
19 15 0;
26 15 28 15 0;
33 15 0;
37 15 0;
39 15 0;
43 15 0;
11 16 0;
14 16 0;
16 16 0;
19 16 0;
24 16 25 16 0;
34 16 0;
37 16 0;
39 16 0;
42 16 0;
46 16 0;
11 17 0;
14 17 0;
16 17 0;
19 17 0;
23 17 0;
25 17 0;
32 17 34 17 0;
37 17 0;
39 17 0;
42 17 0;
45 17 0;
47 17 0;
11 18 0;
14 18 0;
16 18 17 18 0;
19 18 0;
22 18 0;
24 18 0;
26 18 0;
31 18 0;
33 18 34 18 0;
38 18 0;
42 18 0;
44 18 0;
47 18 0;
4 19 6 19 0;
12 19 0;
15 19 0;
17 19 19 19 0;
21 19 0;
23 19 0;
26 19 0;
30 19 0;
33 19 34 19 0;
38 19 0;
41 19 0;
43 19 0;
46 19 0;
3 20 0;
7 20 8 20 0;
12 20 0;
15 20 0;
17 20 0;
19 20 0;
21 20 23 20 0;
26 20 0;
29 20 0;
32 20 0;
34 20 0;
38 20 0;
41 20 42 20 0;
46 20 0;
4 21 5 21 0;
9 21 10 21 0;
12 21 0;
15 21 0;
17 21 0;
19 21 22 21 0;
25 21 0;
28 21 0;
32 21 0;
34 21 0;
41 21 0;
45 21 0;
6 22 7 22 0;
11 22 12 22 0;
17 22 0;
20 22 21 22 0;
25 22 0;
27 22 0;
31 22 0;
34 22 0;
45 22 0;
8 23 0;
12 23 0;
17 23 0;
20 23 0;
24 23 0;
27 23 0;
31 23 0;
34 23 0;
44 23 0;
9 24 0;
13 24 0;
17 24 0;
19 24 0;
22 24 0;
24 24 26 24 0;
30 24 0;
33 24 0;
44 24 0;
10 25 0;
17 25 0;
19 25 0;
22 25 0;
26 25 0;
30 25 0;
33 25 0;
43 25 0;
45 25 0;
11 26 0;
17 26 18 26 0;
21 26 0;
29 26 0;
33 26 0;
42 26 0;
45 26 0;
12 27 0;
16 27 17 27 0;
21 27 0;
29 27 0;
33 27 37 27 0;
41 27 0;
45 27 0;
13 28 0;
16 28 0;
20 28 0;
27 28 0;
30 28 32 28 0;
37 28 0;
40 28 0;
45 28 0;
13 29 0;
15 29 0;
20 29 0;
27 29 0;
34 29 36 29 0;
39 29 40 29 0;
46 29 0;
14 30 15 30 0;
19 30 0;
27 30 0;
32 30 33 30 0;
38 30 0;
40 30 0;
46 30 0;
15 31 0;
17 31 0;
19 31 0;
26 31 0;
28 31 0;
31 31 0;
37 31 0;
40 31 0;
46 31 0;
14 32 0;
17 32 0;
20 32 0;
24 32 25 32 0;
28 32 0;
31 32 0;
36 32 0;
39 32 0;
46 32 0;
14 33 17 33 0;
21 33 26 33 0;
28 33 0;
31 33 0;
35 33 38 33 0;
46 33 0;
15 34 0;
17 34 18 34 0;
22 34 0;
24 34 26 34 0;
28 34 0;
30 34 0;
32 34 35 34 0;
39 34 0;
41 34 0;
46 34 0;
15 35 0;
17 35 19 35 0;
23 35 0;
27 35 0;
30 35 0;
32 35 0;
39 35 0;
41 35 0;
46 35 0;
16 36 0;
19 36 0;
24 36 26 36 0;
30 36 0;
32 36 34 36 0;
38 36 0;
40 36 0;
46 36 0;
17 37 19 37 0;
28 37 31 37 0;
35 37 37 37 0;
40 37 0;
46 37 0;
18 38 0;
23 38 0;
27 38 0;
29 38 0;
33 38 37 38 0;
39 38 0;
46 38 0;
17 39 0;
23 39 26 39 0;
30 39 32 39 0;
38 39 0;
45 39 0;
14 40 16 40 0;
23 40 0;
31 40 0;
39 40 0;
45 40 0;
12 41 13 41 0;
22 41 0;
30 41 0;
40 41 0;
45 41 0;
11 42 0;
22 42 0;
30 42 0;
35 42 37 42 0;
40 42 0;
44 42 0;
10 43 0;
21 43 0;
29 43 0;
34 43 0;
36 43 37 43 0;
40 43 0;
44 43 0;
10 44 0;
13 44 15 44 0;
21 44 0;
29 44 0;
34 44 0;
40 44 0;
44 44 0;
11 45 0;
14 45 16 45 0;
20 45 0;
29 45 0;
34 45 0;
39 45 0;
43 45 0;
12 46 0;
15 46 16 46 0;
20 46 0;
29 46 0;
35 46 0;
38 46 0;
43 46 0;
13 47 0;
19 47 0;
30 47 0;
36 47 37 47 0;
42 47 0;
14 48 18 48 0;
30 48 0;
42 48 0;
31 49 0;
41 49 0;
32 50 33 50 0;
39 50 40 50 0;
34 51 38 51 0;
