118 Goldeen;
2;
35 5 37 5 0;
33 6 34 6 0;
36 6 0;
31 7 32 7 0;
35 7 0;
29 8 30 8 0;
32 8 34 8 0;
27 9 28 9 0;
33 9 0;
25 10 26 10 0;
29 10 32 10 0;
24 11 0;
31 11 0;
22 12 27 12 0;
30 12 0;
16 13 17 13 0;
20 13 21 13 0;
28 13 29 13 0;
33 13 36 13 0;
15 14 0;
18 14 19 14 0;
29 14 30 14 0;
32 14 0;
37 14 38 14 0;
15 15 17 15 0;
24 15 29 15 0;
31 15 0;
35 15 0;
39 15 0;
14 16 0;
16 16 0;
21 16 23 16 0;
25 16 0;
27 16 29 16 0;
32 16 0;
34 16 0;
40 16 0;
14 17 16 17 0;
21 17 0;
26 17 28 17 0;
32 17 33 17 0;
41 17 0;
13 18 0;
17 18 18 18 0;
22 18 0;
27 18 0;
32 18 34 18 0;
38 18 0;
41 18 0;
12 19 0;
19 19 0;
23 19 26 19 0;
31 19 35 19 0;
37 19 0;
41 19 0;
12 20 0;
14 20 15 20 0;
19 20 0;
29 20 36 20 0;
41 20 0;
13 21 0;
17 21 18 21 0;
33 21 36 21 0;
42 21 0;
14 22 16 22 0;
34 22 39 22 0;
42 22 0;
14 23 0;
29 23 0;
36 23 37 23 0;
40 23 0;
42 23 0;
14 24 0;
31 24 0;
37 24 38 24 0;
42 24 0;
14 25 0;
32 25 33 25 0;
38 25 0;
42 25 0;
14 26 0;
26 26 0;
30 26 0;
34 26 35 26 0;
38 26 39 26 0;
41 26 0;
13 27 14 27 0;
25 27 0;
28 27 0;
31 27 0;
36 27 0;
39 27 0;
41 27 0;
12 28 0;
15 28 0;
25 28 0;
32 28 0;
37 28 0;
39 28 40 28 0;
11 29 0;
15 29 0;
25 29 0;
28 29 0;
33 29 0;
37 29 0;
39 29 0;
10 30 0;
15 30 0;
25 30 0;
28 30 0;
33 30 0;
36 30 0;
39 30 0;
10 31 0;
13 31 0;
16 31 0;
25 31 0;
28 31 0;
35 31 0;
39 31 0;
11 32 0;
13 32 0;
16 32 0;
25 32 0;
28 32 0;
32 32 34 32 0;
38 32 0;
12 33 13 33 0;
17 33 0;
25 33 0;
31 33 0;
37 33 38 33 0;
14 34 18 34 0;
26 34 0;
30 34 0;
37 34 0;
19 35 20 35 0;
27 35 29 35 0;
36 35 37 35 0;
21 36 22 36 0;
35 36 36 36 0;
23 37 28 37 0;
35 37 37 37 0;
17 38 21 38 0;
29 38 31 38 0;
34 38 38 38 0;
16 39 0;
22 39 23 39 0;
27 39 28 39 0;
39 39 0;
15 40 0;
24 40 26 40 0;
40 40 41 40 0;
14 41 0;
34 41 0;
42 41 0;
14 42 0;
25 42 0;
34 42 0;
43 42 0;
14 43 0;
23 43 0;
35 43 0;
44 43 0;
14 44 0;
22 44 0;
35 44 0;
44 44 0;
15 45 0;
22 45 0;
35 45 0;
45 45 0;
16 46 21 46 0;
35 46 0;
45 46 0;
21 47 0;
34 47 0;
45 47 0;
22 48 0;
34 48 39 48 0;
45 48 0;
22 49 0;
33 49 0;
40 49 0;
44 49 0;
23 50 0;
30 50 32 50 0;
41 50 43 50 0;
24 51 29 51 0;
