119 Seaking;
2;
15 1 17 1 0;
14 2 0;
18 2 0;
7 3 8 3 0;
13 3 0;
19 3 0;
5 4 6 4 0;
9 4 10 4 0;
12 4 0;
19 4 0;
4 5 0;
11 5 0;
19 5 0;
3 6 0;
11 6 0;
17 6 0;
19 6 0;
25 6 27 6 0;
3 7 0;
17 7 0;
20 7 0;
23 7 24 7 0;
28 7 0;
2 8 0;
10 8 0;
17 8 0;
21 8 22 8 0;
29 8 0;
2 9 0;
16 9 0;
30 9 0;
35 9 38 9 0;
1 10 0;
9 10 0;
16 10 0;
30 10 0;
33 10 34 10 0;
39 10 40 10 0;
1 11 0;
9 11 0;
16 11 0;
24 11 26 11 0;
30 11 32 11 0;
41 11 0;
1 12 0;
7 12 0;
9 12 0;
17 12 0;
23 12 0;
29 12 30 12 0;
35 12 0;
42 12 0;
1 13 0;
7 13 0;
9 13 0;
17 13 0;
22 13 0;
26 13 27 13 0;
31 13 0;
36 13 0;
41 13 0;
43 13 0;
1 14 0;
3 14 0;
8 14 0;
17 14 0;
21 14 0;
24 14 25 14 0;
31 14 0;
36 14 0;
41 14 0;
43 14 0;
0 15 0;
3 15 0;
8 15 0;
10 15 0;
18 15 0;
21 15 0;
23 15 24 15 0;
31 15 0;
36 15 0;
41 15 0;
43 15 0;
0 16 0;
4 16 0;
9 16 0;
11 16 0;
18 16 27 16 0;
31 16 0;
35 16 0;
40 16 0;
43 16 0;
0 17 0;
4 17 0;
10 17 0;
13 17 0;
16 17 30 17 0;
35 17 0;
40 17 0;
43 17 0;
0 18 0;
5 18 0;
11 18 0;
14 18 15 18 0;
20 18 22 18 0;
26 18 31 18 0;
34 18 0;
39 18 0;
43 18 0;
0 19 0;
6 19 0;
13 19 0;
19 19 21 19 0;
26 19 34 19 0;
38 19 0;
42 19 0;
1 20 0;
7 20 0;
12 20 0;
19 20 20 20 0;
25 20 37 20 0;
42 20 0;
1 21 0;
8 21 9 21 0;
11 21 0;
19 21 0;
25 21 30 21 0;
35 21 36 21 0;
41 21 0;
2 22 0;
10 22 11 22 0;
25 22 28 22 0;
36 22 37 22 0;
41 22 0;
53 22 54 22 0;
3 23 0;
7 23 10 23 0;
16 23 0;
24 23 25 23 0;
34 23 37 23 0;
40 23 0;
50 23 52 23 0;
4 24 6 24 0;
10 24 0;
24 24 0;
32 24 38 24 0;
40 24 0;
47 24 49 24 0;
54 24 0;
9 25 0;
20 25 21 25 0;
24 25 0;
30 25 39 25 0;
45 25 46 25 0;
48 25 0;
53 25 0;
9 26 0;
20 26 21 26 0;
29 26 39 26 0;
43 26 44 26 0;
48 26 0;
52 26 0;
9 27 0;
16 27 0;
28 27 33 27 0;
39 27 42 27 0;
44 27 0;
49 27 0;
51 27 0;
8 28 0;
27 28 30 28 0;
40 28 41 28 0;
44 28 0;
50 28 0;
8 29 0;
26 29 27 29 0;
41 29 0;
45 29 0;
49 29 0;
8 30 0;
25 30 26 30 0;
41 30 0;
46 30 0;
48 30 0;
8 31 0;
24 31 25 31 0;
41 31 0;
47 31 0;
8 32 0;
23 32 24 32 0;
42 32 0;
46 32 0;
8 33 0;
23 33 0;
34 33 38 33 0;
44 33 45 33 0;
8 34 0;
22 34 0;
33 34 0;
39 34 0;
44 34 0;
8 35 0;
22 35 0;
32 35 0;
35 35 37 35 0;
40 35 0;
44 35 0;
9 36 0;
31 36 0;
35 36 38 36 0;
40 36 0;
44 36 0;
9 37 0;
13 37 0;
31 37 0;
33 37 38 37 0;
40 37 0;
44 37 0;
9 38 0;
12 38 0;
25 38 26 38 0;
31 38 0;
33 38 38 38 0;
40 38 0;
44 38 0;
10 39 11 39 0;
15 39 0;
25 39 26 39 0;
31 39 0;
33 39 37 39 0;
40 39 0;
44 39 0;
4 40 9 40 0;
15 40 0;
18 40 0;
20 40 0;
26 40 27 40 0;
31 40 0;
34 40 36 40 0;
39 40 0;
43 40 0;
2 41 3 41 0;
10 41 11 41 0;
14 41 0;
18 41 0;
20 41 0;
23 41 24 41 0;
27 41 28 41 0;
32 41 0;
38 41 0;
43 41 0;
1 42 0;
8 42 9 42 0;
13 42 0;
18 42 0;
20 42 0;
23 42 24 42 0;
33 42 37 42 0;
43 42 45 42 0;
1 43 0;
5 43 7 43 0;
13 43 0;
18 43 0;
20 43 0;
24 43 25 43 0;
42 43 0;
46 43 0;
2 44 3 44 0;
12 44 0;
18 44 0;
20 44 0;
25 44 26 44 0;
47 44 0;
4 45 5 45 0;
11 45 0;
18 45 0;
20 45 0;
41 45 0;
47 45 0;
6 46 0;
11 46 0;
21 46 0;
40 46 0;
42 46 43 46 0;
46 46 0;
6 47 0;
10 47 0;
21 47 0;
41 47 0;
44 47 45 47 0;
7 48 0;
17 48 18 48 0;
22 48 0;
38 48 0;
41 48 0;
7 49 0;
16 49 0;
19 49 0;
22 49 0;
37 49 38 49 0;
42 49 0;
8 50 9 50 0;
15 50 0;
20 50 24 50 0;
32 50 38 50 0;
42 50 0;
10 51 14 51 0;
25 51 31 51 0;
37 51 0;
39 51 0;
42 51 0;
31 52 0;
36 52 0;
40 52 41 52 0;
32 53 0;
35 53 0;
33 54 34 54 0;
