012 Butterfree;
1;
17 2 19 2 0;
8 3 10 3 0;
15 3 20 3 0;
7 4 12 4 0;
14 4 21 4 0;
6 5 9 5 0;
13 5 18 5 0;
21 5 0;
42 5 46 5 0;
12 6 0;
14 6 16 6 0;
20 6 0;
22 6 0;
39 6 48 6 0;
12 7 0;
14 7 16 7 0;
19 7 0;
22 7 0;
36 7 49 7 0;
11 8 13 8 0;
15 8 0;
19 8 0;
22 8 0;
33 8 35 8 0;
42 8 50 8 0;
11 9 13 9 0;
15 9 0;
18 9 19 9 0;
22 9 0;
31 9 32 9 0;
41 9 0;
45 9 50 9 0;
10 10 11 10 0;
15 10 0;
17 10 19 10 0;
22 10 0;
30 10 0;
40 10 0;
46 10 51 10 0;
10 11 11 11 0;
16 11 0;
19 11 0;
22 11 0;
29 11 0;
39 11 0;
45 11 51 11 0;
10 12 11 12 0;
16 12 0;
20 12 0;
22 12 0;
28 12 0;
39 12 0;
43 12 44 12 0;
48 12 52 12 0;
2 13 7 13 0;
9 13 10 13 0;
17 13 0;
20 13 0;
22 13 0;
27 13 0;
38 13 0;
42 13 0;
49 13 52 13 0;
1 14 4 14 0;
8 14 10 14 0;
17 14 0;
21 14 0;
26 14 0;
36 14 41 14 0;
49 14 52 14 0;
1 15 3 15 0;
9 15 11 15 0;
18 15 0;
21 15 0;
25 15 0;
34 15 41 15 0;
49 15 53 15 0;
1 16 2 16 0;
9 16 0;
12 16 0;
18 16 19 16 0;
21 16 0;
24 16 0;
32 16 34 16 0;
39 16 41 16 0;
48 16 53 16 0;
9 17 0;
13 17 0;
17 17 18 17 0;
20 17 21 17 0;
23 17 0;
31 17 0;
39 17 53 17 0;
9 18 0;
15 18 18 18 0;
20 18 23 18 0;
30 18 0;
39 18 40 18 0;
46 18 53 18 0;
9 19 0;
14 19 18 19 0;
20 19 24 19 0;
29 19 0;
39 19 0;
48 19 53 19 0;
10 20 0;
13 20 19 20 0;
23 20 25 20 0;
27 20 28 20 0;
38 20 0;
49 20 54 20 0;
10 21 0;
12 21 0;
14 21 18 21 0;
24 21 26 21 0;
37 21 40 21 0;
49 21 54 21 0;
11 22 0;
14 22 18 22 0;
23 22 0;
25 22 26 22 0;
35 22 36 22 0;
41 22 42 22 0;
49 22 54 22 0;
11 23 0;
14 23 18 23 0;
22 23 0;
24 23 27 23 0;
31 23 34 23 0;
43 23 44 23 0;
49 23 54 23 0;
10 24 0;
12 24 0;
14 24 19 24 0;
21 24 0;
23 24 0;
25 24 30 24 0;
34 24 35 24 0;
45 24 46 24 0;
49 24 54 24 0;
10 25 11 25 0;
13 25 20 25 0;
22 25 0;
24 25 27 25 0;
36 25 37 25 0;
47 25 54 25 0;
11 26 13 26 0;
19 26 27 26 0;
38 26 0;
48 26 53 26 0;
12 27 0;
20 27 26 27 0;
39 27 0;
48 27 53 27 0;
13 28 0;
20 28 25 28 0;
40 28 41 28 0;
48 28 53 28 0;
13 29 0;
15 29 16 29 0;
19 29 23 29 0;
27 29 30 29 0;
42 29 43 29 0;
46 29 52 29 0;
13 30 0;
15 30 16 30 0;
18 30 26 30 0;
31 30 33 30 0;
44 30 52 30 0;
10 31 12 31 0;
14 31 22 31 0;
24 31 26 31 0;
34 31 36 31 0;
47 31 52 31 0;
5 32 9 32 0;
13 32 22 32 0;
26 32 27 32 0;
37 32 38 32 0;
48 32 51 32 0;
4 33 0;
9 33 10 33 0;
12 33 17 33 0;
20 33 22 33 0;
27 33 0;
39 33 40 33 0;
48 33 51 33 0;
4 34 0;
10 34 16 34 0;
21 34 23 34 0;
27 34 28 34 0;
41 34 42 34 0;
47 34 50 34 0;
4 35 0;
10 35 16 35 0;
22 35 0;
24 35 0;
26 35 0;
28 35 29 35 0;
43 35 50 35 0;
5 36 0;
11 36 16 36 0;
22 36 27 36 0;
30 36 0;
44 36 49 36 0;
6 37 0;
12 37 16 37 0;
22 37 26 37 0;
28 37 0;
31 37 32 37 0;
44 37 48 37 0;
7 38 0;
13 38 16 38 0;
22 38 25 38 0;
28 38 29 38 0;
33 38 34 38 0;
43 38 47 38 0;
8 39 9 39 0;
14 39 16 39 0;
23 39 24 39 0;
29 39 30 39 0;
35 39 36 39 0;
40 39 46 39 0;
10 40 11 40 0;
14 40 17 40 0;
23 40 24 40 0;
29 40 31 40 0;
37 40 44 40 0;
10 41 11 41 0;
14 41 17 41 0;
23 41 24 41 0;
26 41 0;
29 41 0;
31 41 32 41 0;
39 41 42 41 0;
10 42 14 42 0;
16 42 18 42 0;
23 42 0;
26 42 0;
29 42 0;
32 42 33 42 0;
40 42 41 42 0;
10 43 13 43 0;
16 43 0;
18 43 19 43 0;
22 43 23 43 0;
26 43 0;
29 43 0;
33 43 34 43 0;
40 43 42 43 0;
11 44 12 44 0;
15 44 0;
17 44 23 44 0;
26 44 0;
29 44 0;
33 44 0;
35 44 39 44 0;
41 44 42 44 0;
11 45 12 45 0;
15 45 0;
17 45 0;
21 45 0;
23 45 0;
37 45 0;
41 45 42 45 0;
12 46 0;
14 46 0;
17 46 0;
20 46 0;
23 46 0;
34 46 0;
38 46 0;
41 46 42 46 0;
12 47 13 47 0;
17 47 0;
20 47 0;
24 47 0;
27 47 0;
30 47 0;
34 47 0;
38 47 0;
40 47 42 47 0;
12 48 13 48 0;
16 48 0;
19 48 20 48 0;
24 48 0;
27 48 0;
30 48 0;
40 48 41 48 0;
13 49 14 49 0;
16 49 0;
19 49 0;
25 49 0;
27 49 0;
35 49 0;
39 49 41 49 0;
13 50 14 50 0;
18 50 19 50 0;
25 50 27 50 0;
31 50 0;
35 50 0;
38 50 40 50 0;
14 51 15 51 0;
17 51 19 51 0;
26 51 28 51 0;
31 51 0;
35 51 0;
37 51 39 51 0;
16 52 18 52 0;
27 52 28 52 0;
31 52 0;
35 52 38 52 0;
28 53 36 53 0;
29 54 35 54 0;
