120 Staryu;
2;
22 7 0;
21 8 0;
23 8 0;
21 9 0;
23 9 24 9 0;
20 10 0;
23 10 25 10 0;
20 11 0;
23 11 25 11 0;
20 12 0;
23 12 26 12 0;
20 13 0;
23 13 26 13 0;
19 14 0;
23 14 27 14 0;
19 15 0;
24 15 27 15 0;
19 16 0;
24 16 30 16 0;
40 16 44 16 0;
18 17 0;
24 17 29 17 0;
31 17 0;
36 17 39 17 0;
42 17 44 17 0;
18 18 0;
22 18 0;
24 18 28 18 0;
31 18 35 18 0;
41 18 44 18 0;
18 19 0;
21 19 0;
23 19 27 19 0;
31 19 33 19 0;
40 19 44 19 0;
17 20 0;
20 20 0;
24 20 26 20 0;
31 20 33 20 0;
39 20 44 20 0;
17 21 0;
19 21 0;
25 21 0;
31 21 33 21 0;
38 21 44 21 0;
15 22 19 22 0;
25 22 0;
30 22 0;
32 22 0;
37 22 44 22 0;
10 23 14 23 0;
19 23 20 23 0;
22 23 25 23 0;
29 23 0;
32 23 0;
36 23 43 23 0;
8 24 9 24 0;
14 24 0;
20 24 21 24 0;
25 24 26 24 0;
28 24 0;
32 24 0;
35 24 43 24 0;
7 25 0;
15 25 0;
20 25 0;
22 25 24 25 0;
26 25 27 25 0;
32 25 0;
34 25 42 25 0;
7 26 0;
15 26 0;
19 26 0;
21 26 25 26 0;
27 26 0;
32 26 42 26 0;
8 27 0;
16 27 0;
18 27 0;
20 27 21 27 0;
24 27 26 27 0;
28 27 0;
32 27 0;
36 27 41 27 0;
9 28 16 28 0;
18 28 0;
20 28 21 28 0;
24 28 26 28 0;
28 28 41 28 0;
10 29 18 29 0;
20 29 0;
22 29 24 29 0;
26 29 0;
28 29 0;
35 29 40 29 0;
11 30 14 30 0;
18 30 0;
20 30 21 30 0;
23 30 24 30 0;
26 30 0;
28 30 0;
37 30 40 30 0;
12 31 13 31 0;
18 31 0;
20 31 21 31 0;
26 31 0;
28 31 0;
38 31 41 31 0;
13 32 14 32 0;
18 32 0;
20 32 23 32 0;
25 32 26 32 0;
28 32 29 32 0;
36 32 41 32 0;
14 33 19 33 0;
21 33 25 33 0;
27 33 0;
30 33 31 33 0;
34 33 42 33 0;
15 34 17 34 0;
20 34 0;
22 34 24 34 0;
26 34 0;
32 34 42 34 0;
16 35 0;
21 35 0;
25 35 0;
27 35 0;
33 35 42 35 0;
16 36 17 36 0;
21 36 24 36 0;
28 36 0;
34 36 43 36 0;
16 37 18 37 0;
20 37 0;
23 37 0;
29 37 0;
34 37 43 37 0;
16 38 0;
18 38 19 38 0;
23 38 0;
29 38 30 38 0;
34 38 43 38 0;
15 39 0;
19 39 0;
22 39 24 39 0;
29 39 44 39 0;
15 40 0;
18 40 0;
21 40 24 40 0;
29 40 34 40 0;
38 40 44 40 0;
15 41 0;
18 41 0;
20 41 25 41 0;
29 41 30 41 0;
39 41 44 41 0;
15 42 0;
19 42 30 42 0;
41 42 45 42 0;
15 43 0;
20 43 26 43 0;
30 43 34 43 0;
42 43 45 43 0;
14 44 0;
18 44 25 44 0;
35 44 39 44 0;
44 44 45 44 0;
14 45 0;
17 45 24 45 0;
40 45 44 45 0;
14 46 0;
17 46 23 46 0;
14 47 0;
17 47 21 47 0;
14 48 19 48 0;
15 49 17 49 0;
