121 Starmie;
2;
26 4 27 4 0;
25 5 28 5 0;
24 6 0;
27 6 29 6 0;
14 7 16 7 0;
23 7 0;
27 7 29 7 0;
41 7 43 7 0;
13 8 0;
15 8 17 8 0;
23 8 0;
28 8 30 8 0;
39 8 40 8 0;
43 8 0;
13 9 0;
16 9 18 9 0;
22 9 0;
28 9 30 9 0;
37 9 38 9 0;
43 9 0;
13 10 0;
17 10 19 10 0;
22 10 0;
29 10 31 10 0;
35 10 36 10 0;
42 10 43 10 0;
13 11 0;
18 11 21 11 0;
29 11 31 11 0;
33 11 34 11 0;
41 11 43 11 0;
13 12 0;
19 12 21 12 0;
24 12 25 12 0;
30 12 32 12 0;
40 12 43 12 0;
13 13 0;
20 13 0;
23 13 0;
26 13 0;
30 13 33 13 0;
39 13 43 13 0;
13 14 0;
19 14 0;
23 14 0;
26 14 0;
31 14 33 14 0;
38 14 43 14 0;
13 15 0;
19 15 0;
22 15 0;
27 15 0;
31 15 34 15 0;
37 15 43 15 0;
13 16 0;
18 16 0;
22 16 0;
27 16 28 16 0;
32 16 35 16 0;
37 16 43 16 0;
9 17 17 17 0;
20 17 22 17 0;
27 17 29 17 0;
32 17 36 17 0;
38 17 42 17 0;
5 18 8 18 0;
13 18 0;
17 18 0;
19 18 0;
30 18 0;
32 18 33 18 0;
37 18 42 18 0;
4 19 0;
13 19 0;
18 19 0;
20 19 26 19 0;
30 19 32 19 0;
37 19 43 19 0;
5 20 0;
13 20 0;
19 20 0;
27 20 0;
30 20 0;
37 20 38 20 0;
44 20 47 20 0;
5 21 0;
14 21 0;
18 21 0;
20 21 25 21 0;
28 21 0;
30 21 0;
36 21 37 21 0;
48 21 50 21 0;
6 22 0;
14 22 0;
17 22 0;
19 22 0;
26 22 0;
29 22 30 22 0;
35 22 36 22 0;
49 22 50 22 0;
6 23 0;
14 23 0;
16 23 0;
18 23 0;
25 23 0;
27 23 0;
30 23 0;
35 23 0;
48 23 49 23 0;
7 24 0;
13 24 0;
16 24 17 24 0;
19 24 24 24 0;
26 24 28 24 0;
31 24 0;
36 24 0;
47 24 48 24 0;
8 25 0;
12 25 16 25 0;
18 25 19 25 0;
21 25 25 25 0;
27 25 29 25 0;
32 25 0;
37 25 0;
46 25 47 25 0;
8 26 0;
10 26 13 26 0;
15 26 0;
17 26 26 26 0;
30 26 0;
32 26 33 26 0;
35 26 37 26 0;
45 26 46 26 0;
9 27 12 27 0;
15 27 0;
17 27 19 27 0;
22 27 26 27 0;
28 27 30 27 0;
32 27 0;
38 27 40 27 0;
44 27 46 27 0;
10 28 0;
15 28 0;
17 28 0;
19 28 0;
24 28 26 28 0;
28 28 30 28 0;
32 28 0;
40 28 45 28 0;
9 29 0;
15 29 0;
17 29 20 29 0;
25 29 26 29 0;
28 29 30 29 0;
32 29 0;
42 29 44 29 0;
8 30 10 30 0;
15 30 0;
17 30 20 30 0;
25 30 26 30 0;
28 30 30 30 0;
32 30 0;
42 30 44 30 0;
7 31 0;
10 31 11 31 0;
15 31 0;
17 31 21 31 0;
24 31 26 31 0;
28 31 30 31 0;
32 31 0;
40 31 43 31 0;
45 31 0;
6 32 0;
12 32 0;
15 32 16 32 0;
18 32 25 32 0;
27 32 0;
30 32 0;
32 32 0;
37 32 42 32 0;
46 32 0;
5 33 9 33 0;
13 33 17 33 0;
19 33 24 33 0;
26 33 30 33 0;
32 33 0;
36 33 42 33 0;
47 33 0;
6 34 13 34 0;
15 34 18 34 0;
25 34 29 34 0;
32 34 0;
36 34 38 34 0;
40 34 42 34 0;
48 34 0;
7 35 12 35 0;
14 35 0;
16 35 0;
18 35 0;
20 35 24 35 0;
26 35 28 35 0;
31 35 37 35 0;
41 35 43 35 0;
49 35 0;
8 36 12 36 0;
15 36 0;
17 36 0;
19 36 0;
21 36 25 36 0;
27 36 0;
30 36 0;
35 36 36 36 0;
41 36 46 36 0;
50 36 0;
9 37 11 37 0;
16 37 0;
18 37 0;
20 37 26 37 0;
29 37 0;
35 37 36 37 0;
41 37 48 37 0;
50 37 0;
10 38 11 38 0;
15 38 0;
19 38 0;
28 38 0;
36 38 0;
42 38 49 38 0;
11 39 0;
14 39 0;
20 39 27 39 0;
29 39 0;
36 39 37 39 0;
42 39 47 39 0;
11 40 0;
14 40 0;
21 40 0;
29 40 0;
37 40 0;
42 40 45 40 0;
10 41 0;
14 41 0;
17 41 22 41 0;
29 41 32 41 0;
37 41 38 41 0;
43 41 45 41 0;
10 42 0;
14 42 16 42 0;
20 42 23 42 0;
28 42 34 42 0;
37 42 38 42 0;
43 42 45 42 0;
10 43 0;
19 43 23 43 0;
28 43 29 43 0;
33 43 38 43 0;
43 43 45 43 0;
10 44 0;
18 44 24 44 0;
27 44 30 44 0;
36 44 37 44 0;
44 44 45 44 0;
10 45 0;
16 45 24 45 0;
27 45 32 45 0;
44 45 0;
11 46 15 46 0;
22 46 23 46 0;
25 46 27 46 0;
29 46 34 46 0;
44 46 0;
23 47 0;
25 47 28 47 0;
30 47 32 47 0;
35 47 38 47 0;
44 47 0;
24 48 0;
29 48 0;
31 48 0;
39 48 43 48 0;
25 49 0;
28 49 0;
30 49 0;
26 50 29 50 0;
