122 Mr.Mime;
7;
13 8 18 8 0;
25 8 31 8 0;
37 8 43 8 0;
11 9 24 9 0;
32 9 44 9 0;
10 10 22 10 0;
34 10 45 10 0;
9 11 21 11 0;
35 11 45 11 0;
9 12 21 12 0;
35 12 46 12 0;
8 13 11 13 0;
16 13 20 13 0;
36 13 40 13 0;
45 13 46 13 0;
8 14 9 14 0;
18 14 20 14 0;
25 14 26 14 0;
31 14 32 14 0;
36 14 38 14 0;
46 14 0;
8 15 0;
19 15 20 15 0;
24 15 0;
27 15 0;
30 15 0;
33 15 0;
36 15 0;
8 16 0;
19 16 20 16 0;
24 16 25 16 0;
27 16 0;
30 16 31 16 0;
33 16 0;
36 16 0;
38 16 41 16 0;
14 17 15 17 0;
19 17 0;
24 17 0;
27 17 0;
30 17 0;
33 17 0;
37 17 0;
40 17 43 17 0;
13 18 0;
16 18 0;
19 18 0;
25 18 26 18 0;
31 18 32 18 0;
37 18 0;
39 18 44 18 0;
8 19 9 19 0;
12 19 0;
14 19 15 19 0;
17 19 18 19 0;
32 19 0;
34 19 35 19 0;
38 19 44 19 0;
7 20 0;
10 20 0;
12 20 0;
14 20 15 20 0;
17 20 18 20 0;
21 20 23 20 0;
25 20 0;
31 20 0;
33 20 36 20 0;
38 20 45 20 0;
6 21 0;
8 21 9 21 0;
11 21 0;
13 21 0;
16 21 18 21 0;
20 21 24 21 0;
26 21 0;
31 21 0;
33 21 36 21 0;
38 21 0;
40 21 45 21 0;
6 22 0;
8 22 9 22 0;
11 22 0;
13 22 0;
16 22 18 22 0;
20 22 24 22 0;
26 22 31 22 0;
33 22 36 22 0;
38 22 45 22 0;
7 23 0;
12 23 13 23 0;
16 23 24 23 0;
26 23 0;
32 23 0;
34 23 35 23 0;
37 23 0;
39 23 0;
41 23 0;
44 23 45 23 0;
8 24 9 24 0;
17 24 23 24 0;
25 24 0;
36 24 0;
40 24 0;
45 24 0;
6 25 7 25 0;
10 25 0;
18 25 0;
21 25 22 25 0;
34 25 35 25 0;
38 25 40 25 0;
46 25 0;
5 26 0;
8 26 9 26 0;
19 26 20 26 0;
22 26 25 26 0;
31 26 33 26 0;
37 26 0;
40 26 41 26 0;
47 26 0;
4 27 0;
6 27 7 27 0;
19 27 20 27 0;
22 27 0;
26 27 30 27 0;
36 27 0;
38 27 39 27 0;
41 27 42 27 0;
44 27 45 27 0;
48 27 0;
4 28 0;
6 28 7 28 0;
9 28 0;
17 28 18 28 0;
21 28 0;
36 28 0;
38 28 39 28 0;
41 28 0;
43 28 0;
46 28 0;
48 28 50 28 0;
5 29 0;
8 29 0;
10 29 0;
15 29 16 29 0;
18 29 20 29 0;
37 29 0;
40 29 0;
42 29 0;
44 29 45 29 0;
47 29 0;
51 29 0;
6 30 7 30 0;
11 30 15 30 0;
17 30 18 30 0;
32 30 35 30 0;
37 30 0;
40 30 0;
42 30 0;
44 30 45 30 0;
47 30 0;
51 30 0;
13 31 16 31 0;
30 31 37 31 0;
40 31 41 31 0;
46 31 0;
49 31 50 31 0;
14 32 0;
29 32 30 32 0;
33 32 34 32 0;
36 32 0;
44 32 45 32 0;
47 32 48 32 0;
14 33 17 33 0;
28 33 29 33 0;
32 33 0;
35 33 0;
43 33 0;
46 33 47 33 0;
13 34 0;
17 34 19 34 0;
28 34 29 34 0;
31 34 0;
33 34 34 34 0;
44 34 45 34 0;
48 34 0;
13 35 0;
17 35 20 35 0;
28 35 31 35 0;
33 35 34 35 0;
46 35 47 35 0;
49 35 0;
12 36 13 36 0;
16 36 20 36 0;
28 36 32 36 0;
35 36 36 36 0;
44 36 0;
46 36 47 36 0;
49 36 0;
12 37 21 37 0;
28 37 38 37 0;
43 37 45 37 0;
48 37 0;
8 38 21 38 0;
29 38 36 38 0;
39 38 47 38 0;
7 39 0;
13 39 22 39 0;
31 39 34 39 0;
37 39 44 39 0;
7 40 0;
16 40 22 40 0;
35 40 45 40 0;
8 41 10 41 0;
18 41 37 41 0;
43 41 0;
46 41 0;
11 42 14 42 0;
19 42 21 42 0;
32 42 42 42 0;
47 42 48 42 0;
15 43 16 43 0;
22 43 23 43 0;
32 43 38 43 0;
43 43 46 43 0;
49 43 0;
17 44 19 44 0;
24 44 26 44 0;
33 44 41 44 0;
49 44 0;
13 45 15 45 0;
20 45 21 45 0;
24 45 27 45 0;
34 45 38 45 0;
42 45 48 45 0;
12 46 14 46 0;
17 46 27 46 0;
35 46 39 46 0;
12 47 27 47 0;
36 47 41 47 0;
45 47 0;
13 48 26 48 0;
37 48 45 48 0;
15 49 23 49 0;
38 49 44 49 0;
