123 Scyther;
1;
31 0 32 0 0;
14 1 15 1 0;
21 1 22 1 0;
30 1 0;
33 1 0;
37 1 38 1 0;
13 2 0;
16 2 0;
20 2 0;
23 2 0;
29 2 0;
32 2 33 2 0;
36 2 0;
39 2 0;
13 3 0;
15 3 0;
17 3 0;
19 3 0;
24 3 0;
29 3 0;
31 3 0;
33 3 0;
35 3 0;
39 3 0;
12 4 0;
14 4 0;
18 4 0;
24 4 0;
28 4 0;
31 4 0;
34 4 0;
38 4 0;
11 5 0;
14 5 0;
18 5 0;
24 5 0;
28 5 0;
30 5 0;
34 5 0;
38 5 0;
10 6 0;
13 6 0;
18 6 0;
22 6 24 6 0;
27 6 0;
30 6 0;
34 6 0;
38 6 0;
8 7 9 7 0;
12 7 0;
17 7 0;
21 7 0;
24 7 0;
27 7 0;
29 7 0;
34 7 0;
37 7 0;
47 7 50 7 0;
6 8 7 8 0;
10 8 11 8 0;
16 8 17 8 0;
19 8 21 8 0;
24 8 0;
26 8 27 8 0;
29 8 0;
34 8 0;
37 8 0;
45 8 46 8 0;
5 9 0;
8 9 9 9 0;
15 9 0;
17 9 0;
21 9 0;
25 9 26 9 0;
29 9 0;
34 9 0;
36 9 0;
43 9 44 9 0;
47 9 50 9 0;
54 9 0;
5 10 0;
7 10 0;
14 10 0;
18 10 0;
22 10 0;
25 10 26 10 0;
28 10 0;
34 10 0;
36 10 0;
41 10 42 10 0;
45 10 46 10 0;
54 10 0;
4 11 0;
6 11 0;
12 11 0;
18 11 0;
22 11 0;
24 11 26 11 0;
28 11 0;
33 11 0;
35 11 0;
40 11 0;
43 11 44 11 0;
53 11 0;
4 12 0;
6 12 0;
11 12 0;
18 12 0;
22 12 23 12 0;
25 12 0;
28 12 0;
34 12 0;
38 12 0;
42 12 0;
53 12 0;
3 13 0;
5 13 0;
9 13 0;
16 13 17 13 0;
21 13 22 13 0;
25 13 0;
27 13 0;
33 13 37 13 0;
40 13 41 13 0;
52 13 0;
3 14 0;
5 14 0;
8 14 0;
14 14 15 14 0;
21 14 0;
23 14 0;
25 14 0;
27 14 0;
32 14 0;
36 14 0;
39 14 0;
51 14 0;
53 14 0;
2 15 0;
4 15 0;
7 15 0;
12 15 13 15 0;
17 15 0;
21 15 0;
23 15 0;
25 15 0;
27 15 0;
31 15 0;
35 15 0;
50 15 0;
53 15 0;
2 16 0;
4 16 0;
7 16 0;
11 16 0;
16 16 0;
18 16 0;
20 16 0;
23 16 0;
25 16 0;
27 16 0;
30 16 0;
34 16 0;
37 16 0;
48 16 49 16 0;
52 16 0;
2 17 0;
4 17 0;
6 17 0;
10 17 0;
16 17 0;
18 17 0;
20 17 0;
24 17 27 17 0;
29 17 0;
33 17 0;
36 17 0;
46 17 47 17 0;
52 17 0;
1 18 0;
3 18 0;
6 18 0;
9 18 0;
16 18 0;
19 18 0;
24 18 27 18 0;
29 18 32 18 0;
35 18 0;
43 18 45 18 0;
51 18 0;
1 19 0;
3 19 0;
5 19 0;
8 19 0;
16 19 0;
19 19 0;
24 19 34 19 0;
40 19 42 19 0;
50 19 0;
1 20 0;
3 20 0;
5 20 0;
7 20 0;
16 20 18 20 0;
25 20 31 20 0;
35 20 0;
37 20 39 20 0;
48 20 49 20 0;
51 20 52 20 0;
0 21 0;
2 21 0;
7 21 0;
16 21 0;
18 21 0;
26 21 28 21 0;
34 21 36 21 0;
44 21 47 21 0;
50 21 0;
53 21 0;
0 22 0;
2 22 0;
4 22 0;
6 22 0;
14 22 15 22 0;
17 22 0;
33 22 0;
35 22 0;
40 22 43 22 0;
49 22 0;
51 22 0;
54 22 0;
0 23 0;
2 23 0;
4 23 0;
6 23 0;
12 23 13 23 0;
15 23 0;
31 23 32 23 0;
36 23 40 23 0;
44 23 48 23 0;
51 23 0;
54 23 0;
0 24 0;
2 24 0;
5 24 0;
11 24 12 24 0;
14 24 0;
16 24 0;
29 24 31 24 0;
38 24 40 24 0;
44 24 46 24 0;
48 24 0;
52 24 0;
0 25 0;
2 25 0;
5 25 0;
10 25 0;
12 25 0;
14 25 0;
16 25 0;
21 25 22 25 0;
27 25 31 25 0;
36 25 37 25 0;
41 25 42 25 0;
44 25 0;
47 25 0;
52 25 0;
0 26 0;
2 26 0;
4 26 0;
10 26 0;
12 26 13 26 0;
15 26 0;
20 26 0;
25 26 31 26 0;
35 26 0;
43 26 0;
47 26 0;
52 26 0;
0 27 0;
2 27 0;
4 27 0;
9 27 0;
13 27 0;
15 27 0;
19 27 0;
24 27 28 27 0;
30 27 32 27 0;
35 27 0;
42 27 43 27 0;
47 27 0;
52 27 0;
0 28 0;
3 28 0;
9 28 0;
13 28 0;
22 28 23 28 0;
25 28 27 28 0;
29 28 0;
31 28 34 28 0;
41 28 0;
43 28 0;
46 28 0;
48 28 0;
51 28 0;
54 28 0;
1 29 0;
3 29 0;
9 29 0;
13 29 14 29 0;
18 29 0;
21 29 23 29 0;
25 29 26 29 0;
29 29 0;
33 29 34 29 0;
40 29 0;
43 29 0;
46 29 0;
48 29 0;
51 29 0;
54 29 0;
1 30 0;
3 30 0;
9 30 10 30 0;
13 30 14 30 0;
20 30 0;
23 30 0;
25 30 0;
28 30 29 30 0;
32 30 34 30 0;
40 30 0;
44 30 45 30 0;
48 30 0;
51 30 0;
54 30 0;
2 31 0;
8 31 0;
11 31 0;
13 31 0;
20 31 0;
24 31 25 31 0;
28 31 0;
31 31 34 31 0;
41 31 0;
44 31 45 31 0;
48 31 0;
50 31 0;
53 31 0;
7 32 0;
10 32 0;
12 32 0;
19 32 23 32 0;
27 32 0;
30 32 32 32 0;
35 32 0;
41 32 44 32 0;
47 32 0;
50 32 0;
53 32 0;
8 33 9 33 0;
11 33 0;
18 33 20 33 0;
26 33 27 33 0;
29 33 30 33 0;
35 33 0;
42 33 43 33 0;
47 33 0;
50 33 0;
53 33 0;
10 34 11 34 0;
17 34 18 34 0;
25 34 27 34 0;
29 34 0;
34 34 37 34 0;
41 34 43 34 0;
47 34 0;
50 34 0;
53 34 0;
11 35 0;
16 35 17 35 0;
22 35 27 35 0;
29 35 0;
32 35 40 35 0;
43 35 0;
47 35 0;
50 35 0;
53 35 0;
12 36 0;
18 36 26 36 0;
28 36 0;
30 36 36 36 0;
41 36 42 36 0;
47 36 0;
51 36 0;
53 36 0;
13 37 14 37 0;
17 37 18 37 0;
21 37 26 37 0;
28 37 0;
30 37 0;
32 37 34 37 0;
41 37 44 37 0;
48 37 0;
51 37 0;
54 37 0;
15 38 16 38 0;
18 38 19 38 0;
21 38 23 38 0;
25 38 26 38 0;
28 38 0;
30 38 0;
44 38 0;
48 38 0;
51 38 0;
54 38 0;
18 39 0;
20 39 23 39 0;
25 39 0;
27 39 0;
29 39 0;
43 39 44 39 0;
48 39 0;
51 39 0;
54 39 0;
19 40 0;
21 40 25 40 0;
27 40 0;
29 40 0;
42 40 0;
44 40 0;
48 40 0;
50 40 0;
53 40 0;
19 41 0;
21 41 23 41 0;
26 41 0;
29 41 0;
41 41 0;
44 41 0;
47 41 0;
50 41 0;
53 41 0;
20 42 0;
25 42 0;
30 42 0;
41 42 0;
44 42 0;
47 42 0;
50 42 0;
53 42 0;
21 43 24 43 0;
30 43 0;
40 43 0;
44 43 0;
47 43 0;
50 43 0;
52 43 0;
30 44 31 44 0;
39 44 0;
44 44 0;
47 44 0;
49 44 0;
52 44 0;
29 45 0;
32 45 33 45 0;
37 45 38 45 0;
44 45 0;
46 45 0;
49 45 0;
51 45 0;
26 46 28 46 0;
34 46 36 46 0;
43 46 0;
46 46 0;
49 46 0;
51 46 0;
25 47 0;
29 47 0;
33 47 0;
43 47 0;
46 47 0;
48 47 0;
50 47 0;
23 48 24 48 0;
30 48 32 48 0;
43 48 0;
45 48 0;
48 48 0;
50 48 0;
21 49 22 49 0;
32 49 33 49 0;
43 49 0;
45 49 0;
47 49 0;
49 49 0;
19 50 20 50 0;
33 50 0;
42 50 0;
44 50 0;
46 50 0;
48 50 0;
18 51 0;
20 51 0;
26 51 27 51 0;
32 51 33 51 0;
42 51 0;
44 51 45 51 0;
47 51 0;
18 52 0;
21 52 22 52 0;
25 52 0;
28 52 31 52 0;
33 52 0;
42 52 0;
44 52 0;
46 52 0;
18 53 20 53 0;
23 53 24 53 0;
28 53 30 53 0;
34 53 0;
41 53 0;
43 53 0;
45 53 0;
24 54 0;
27 54 0;
31 54 0;
33 54 34 54 0;
40 54 0;
43 54 44 54 0;
25 55 26 55 0;
32 55 0;
41 55 42 55 0;
