124 Jynx;
7;
23 4 25 4 0;
30 4 33 4 0;
21 5 22 5 0;
26 5 0;
28 5 29 5 0;
34 5 35 5 0;
19 6 20 6 0;
27 6 0;
36 6 0;
18 7 0;
26 7 0;
37 7 0;
17 8 0;
26 8 0;
38 8 0;
16 9 0;
39 9 0;
16 10 0;
23 10 24 10 0;
29 10 30 10 0;
39 10 0;
15 11 0;
22 11 0;
25 11 0;
27 11 28 11 0;
31 11 0;
40 11 0;
15 12 0;
21 12 0;
26 12 0;
32 12 0;
40 12 0;
14 13 0;
21 13 24 13 0;
29 13 32 13 0;
41 13 0;
14 14 0;
21 14 25 14 0;
27 14 32 14 0;
13 15 0;
20 15 21 15 0;
24 15 28 15 0;
31 15 32 15 0;
44 15 45 15 0;
13 16 0;
20 16 0;
25 16 27 16 0;
30 16 0;
32 16 0;
43 16 46 16 0;
13 17 0;
20 17 0;
23 17 0;
25 17 27 17 0;
29 17 0;
32 17 33 17 0;
43 17 46 17 0;
8 18 9 18 0;
12 18 0;
20 18 21 18 0;
24 18 28 18 0;
31 18 33 18 0;
42 18 46 18 0;
7 19 10 19 0;
12 19 0;
19 19 24 19 0;
28 19 33 19 0;
41 19 45 19 0;
7 20 10 20 0;
12 20 0;
19 20 23 20 0;
29 20 33 20 0;
40 20 44 20 0;
7 21 10 21 0;
19 21 23 21 0;
25 21 26 21 0;
29 21 34 21 0;
39 21 48 21 0;
8 22 15 22 0;
19 22 23 22 0;
25 22 26 22 0;
29 22 34 22 0;
38 22 49 22 0;
8 23 16 23 0;
19 23 0;
22 23 24 23 0;
28 23 29 23 0;
34 23 0;
38 23 44 23 0;
46 23 50 23 0;
6 24 16 24 0;
19 24 21 24 0;
23 24 28 24 0;
30 24 34 24 0;
38 24 45 24 0;
47 24 50 24 0;
5 25 16 25 0;
19 25 0;
22 25 0;
24 25 27 25 0;
29 25 0;
34 25 0;
38 25 46 25 0;
48 25 49 25 0;
4 26 8 26 0;
10 26 16 26 0;
19 26 0;
23 26 0;
25 26 26 26 0;
28 26 0;
33 26 0;
39 26 42 26 0;
44 26 47 26 0;
4 27 7 27 0;
9 27 16 27 0;
19 27 0;
24 27 0;
27 27 0;
33 27 0;
40 27 43 27 0;
45 27 48 27 0;
5 28 6 28 0;
8 28 15 28 0;
19 28 0;
24 28 0;
27 28 0;
33 28 0;
41 28 44 28 0;
46 28 49 28 0;
7 29 11 29 0;
13 29 15 29 0;
19 29 0;
24 29 0;
27 29 0;
33 29 0;
41 29 44 29 0;
46 29 49 29 0;
7 30 10 30 0;
12 30 14 30 0;
19 30 0;
23 30 0;
28 30 0;
32 30 0;
41 30 44 30 0;
47 30 48 30 0;
7 31 10 31 0;
12 31 15 31 0;
19 31 22 31 0;
25 31 26 31 0;
29 31 32 31 0;
42 31 44 31 0;
8 32 9 32 0;
12 32 15 32 0;
19 32 0;
24 32 27 32 0;
32 32 0;
37 32 0;
13 33 14 33 0;
19 33 23 33 0;
28 33 31 33 0;
36 33 37 33 0;
44 33 0;
10 34 0;
19 34 23 34 0;
28 34 31 34 0;
36 34 37 34 0;
44 34 0;
10 35 0;
12 35 0;
19 35 0;
22 35 23 35 0;
28 35 30 35 0;
35 35 37 35 0;
41 35 0;
44 35 0;
10 36 0;
12 36 0;
19 36 0;
23 36 0;
28 36 0;
30 36 0;
35 36 37 36 0;
39 36 0;
41 36 0;
43 36 0;
11 37 0;
13 37 0;
19 37 0;
23 37 0;
28 37 0;
30 37 0;
34 37 0;
36 37 37 37 0;
39 37 0;
41 37 0;
43 37 0;
49 37 0;
11 38 0;
13 38 0;
17 38 0;
19 38 0;
22 38 0;
29 38 0;
34 38 0;
36 38 0;
39 38 0;
41 38 0;
43 38 44 38 0;
47 38 48 38 0;
50 38 0;
11 39 0;
13 39 0;
17 39 0;
20 39 0;
22 39 0;
29 39 0;
33 39 0;
36 39 0;
39 39 0;
42 39 0;
45 39 46 39 0;
50 39 0;
11 40 13 40 0;
17 40 0;
20 40 0;
22 40 0;
29 40 0;
33 40 0;
36 40 0;
39 40 0;
42 40 0;
49 40 0;
10 41 0;
14 41 0;
17 41 0;
20 41 0;
22 41 0;
29 41 0;
32 41 0;
36 41 0;
38 41 0;
41 41 0;
47 41 48 41 0;
7 42 9 42 0;
14 42 0;
18 42 0;
20 42 21 42 0;
28 42 0;
32 42 0;
35 42 0;
38 42 0;
41 42 0;
45 42 46 42 0;
5 43 6 43 0;
15 43 0;
18 43 0;
20 43 21 43 0;
28 43 0;
31 43 0;
35 43 0;
38 43 0;
40 43 0;
46 43 0;
7 44 9 44 0;
15 44 0;
18 44 0;
21 44 0;
28 44 0;
31 44 0;
35 44 0;
37 44 0;
40 44 0;
47 44 0;
10 45 0;
16 45 0;
19 45 0;
21 45 0;
28 45 0;
30 45 0;
34 45 0;
36 45 0;
38 45 39 45 0;
48 45 0;
11 46 0;
17 46 0;
19 46 0;
21 46 0;
28 46 0;
30 46 0;
34 46 0;
36 46 37 46 0;
49 46 0;
11 47 0;
14 47 0;
18 47 0;
21 47 22 47 0;
29 47 30 47 0;
34 47 35 47 0;
50 47 51 47 0;
10 48 0;
13 48 0;
19 48 0;
21 48 22 48 0;
30 48 0;
33 48 0;
42 48 47 48 0;
51 48 0;
9 49 0;
12 49 17 49 0;
20 49 21 49 0;
23 49 0;
29 49 0;
41 49 0;
48 49 50 49 0;
10 50 11 50 0;
18 50 0;
21 50 24 50 0;
28 50 37 50 0;
41 50 0;
19 51 21 51 0;
25 51 27 51 0;
38 51 40 51 0;
