125 Electabuzz;
5;
14 7 19 7 0;
32 7 33 7 0;
12 8 13 8 0;
16 8 0;
20 8 21 8 0;
27 8 0;
31 8 0;
33 8 0;
11 9 0;
17 9 0;
20 9 0;
22 9 0;
26 9 0;
28 9 0;
30 9 0;
32 9 0;
11 10 0;
13 10 0;
18 10 0;
21 10 0;
23 10 0;
26 10 0;
28 10 0;
30 10 0;
32 10 0;
40 10 41 10 0;
10 11 11 11 0;
13 11 14 11 0;
18 11 0;
21 11 0;
23 11 0;
26 11 0;
28 11 29 11 0;
31 11 0;
39 11 0;
42 11 0;
9 12 10 12 0;
14 12 0;
17 12 22 12 0;
25 12 26 12 0;
28 12 0;
31 12 0;
37 12 39 12 0;
42 12 0;
8 13 11 13 0;
15 13 24 13 0;
26 13 0;
32 13 0;
35 13 36 13 0;
39 13 41 13 0;
7 14 0;
9 14 11 14 0;
17 14 0;
21 14 22 14 0;
33 14 34 14 0;
38 14 0;
6 15 7 15 0;
13 15 0;
17 15 0;
21 15 0;
23 15 0;
30 15 0;
33 15 0;
37 15 0;
5 16 8 16 0;
13 16 16 16 0;
18 16 20 16 0;
23 16 0;
29 16 30 16 0;
33 16 0;
36 16 0;
5 17 9 17 0;
13 17 15 17 0;
19 17 0;
23 17 24 17 0;
27 17 29 17 0;
34 17 35 17 0;
4 18 0;
8 18 10 18 0;
13 18 0;
18 18 0;
23 18 24 18 0;
26 18 28 18 0;
35 18 0;
4 19 0;
13 19 0;
16 19 17 19 0;
21 19 0;
23 19 27 19 0;
36 19 0;
4 20 0;
9 20 0;
13 20 0;
15 20 0;
19 20 0;
21 20 22 20 0;
24 20 26 20 0;
30 20 31 20 0;
36 20 0;
4 21 0;
9 21 13 21 0;
15 21 0;
19 21 20 21 0;
22 21 0;
24 21 25 21 0;
28 21 29 21 0;
37 21 38 21 0;
4 22 0;
10 22 12 22 0;
14 22 15 22 0;
20 22 22 22 0;
24 22 0;
27 22 0;
29 22 0;
39 22 0;
48 22 49 22 0;
5 23 0;
8 23 0;
10 23 11 23 0;
15 23 16 23 0;
28 23 31 23 0;
40 23 0;
47 23 50 23 0;
5 24 0;
7 24 8 24 0;
10 24 0;
15 24 17 24 0;
19 24 20 24 0;
40 24 0;
47 24 50 24 0;
5 25 6 25 0;
9 25 0;
11 25 0;
14 25 0;
16 25 19 25 0;
21 25 0;
23 25 0;
25 25 0;
31 25 32 25 0;
38 25 39 25 0;
46 25 47 25 0;
50 25 51 25 0;
5 26 0;
9 26 0;
12 26 19 26 0;
21 26 22 26 0;
29 26 30 26 0;
33 26 38 26 0;
46 26 0;
51 26 0;
13 27 19 27 0;
21 27 0;
23 27 28 27 0;
30 27 0;
33 27 40 27 0;
46 27 0;
51 27 0;
14 28 17 28 0;
20 28 22 28 0;
29 28 30 28 0;
32 28 36 28 0;
40 28 41 28 0;
46 28 0;
51 28 0;
14 29 0;
21 29 35 29 0;
42 29 44 29 0;
46 29 0;
51 29 0;
13 30 0;
20 30 31 30 0;
34 30 35 30 0;
45 30 48 30 0;
51 30 0;
13 31 0;
19 31 29 31 0;
36 31 0;
44 31 0;
46 31 49 31 0;
51 31 0;
12 32 0;
18 32 26 32 0;
35 32 36 32 0;
43 32 0;
46 32 50 32 0;
12 33 0;
17 33 27 33 0;
34 33 35 33 0;
39 33 40 33 0;
44 33 0;
46 33 50 33 0;
12 34 0;
16 34 26 34 0;
34 34 0;
40 34 43 34 0;
45 34 50 34 0;
12 35 0;
22 35 25 35 0;
28 35 30 35 0;
32 35 33 35 0;
40 35 42 35 0;
45 35 0;
48 35 49 35 0;
12 36 0;
21 36 24 36 0;
27 36 0;
31 36 0;
34 36 0;
40 36 0;
45 36 0;
49 36 0;
12 37 0;
21 37 23 37 0;
26 37 0;
30 37 0;
34 37 35 37 0;
39 37 0;
44 37 0;
48 37 0;
13 38 0;
20 38 22 38 0;
26 38 0;
29 38 0;
34 38 38 38 0;
43 38 45 38 0;
48 38 0;
13 39 0;
20 39 21 39 0;
26 39 0;
29 39 0;
33 39 0;
37 39 39 39 0;
42 39 47 39 0;
14 40 0;
19 40 20 40 0;
27 40 28 40 0;
32 40 0;
36 40 47 40 0;
15 41 0;
19 41 0;
29 41 0;
31 41 0;
35 41 0;
38 41 39 41 0;
44 41 46 41 0;
15 42 16 42 0;
29 42 31 42 0;
34 42 0;
37 42 39 42 0;
44 42 45 42 0;
14 43 0;
28 43 0;
32 43 33 43 0;
36 43 39 43 0;
43 43 44 43 0;
14 44 0;
18 44 19 44 0;
29 44 0;
32 44 35 44 0;
38 44 39 44 0;
41 44 42 44 0;
14 45 0;
19 45 33 45 0;
38 45 42 45 0;
9 46 13 46 0;
18 46 0;
33 46 34 46 0;
39 46 42 46 0;
7 47 8 47 0;
19 47 0;
34 47 0;
42 47 44 47 0;
6 48 0;
19 48 0;
34 48 0;
45 48 0;
5 49 0;
7 49 8 49 0;
16 49 18 49 0;
35 49 36 49 0;
43 49 44 49 0;
46 49 0;
6 50 7 50 0;
11 50 15 50 0;
37 50 41 50 0;
45 50 0;
47 50 0;
8 51 10 51 0;
42 51 44 51 0;
46 51 47 51 0;
