126 Magmar;
4;
21 6 0;
19 7 20 7 0;
22 7 0;
36 7 0;
18 8 0;
22 8 0;
34 8 35 8 0;
37 8 0;
17 9 0;
22 9 0;
33 9 0;
37 9 0;
17 10 0;
21 10 0;
33 10 0;
38 10 0;
12 11 0;
18 11 0;
20 11 0;
31 11 0;
34 11 0;
37 11 0;
43 11 0;
10 12 11 12 0;
13 12 0;
18 12 0;
21 12 0;
29 12 30 12 0;
32 12 33 12 0;
36 12 0;
42 12 0;
44 12 46 12 0;
9 13 0;
11 13 0;
13 13 0;
17 13 0;
22 13 23 13 0;
28 13 0;
36 13 0;
43 13 0;
47 13 48 13 0;
8 14 0;
10 14 0;
12 14 0;
15 14 16 14 0;
24 14 27 14 0;
35 14 0;
44 14 45 14 0;
49 14 0;
7 15 10 15 0;
12 15 0;
14 15 0;
22 15 0;
35 15 0;
38 15 39 15 0;
46 15 0;
50 15 0;
6 16 0;
9 16 0;
11 16 0;
13 16 0;
21 16 0;
34 16 0;
37 16 0;
40 16 0;
46 16 0;
50 16 0;
5 17 0;
8 17 0;
13 17 0;
20 17 0;
34 17 0;
36 17 0;
39 17 0;
44 17 45 17 0;
50 17 0;
5 18 0;
7 18 0;
12 18 0;
19 18 0;
35 18 0;
38 18 0;
43 18 0;
49 18 0;
5 19 0;
12 19 0;
19 19 0;
35 19 0;
37 19 0;
43 19 0;
49 19 0;
6 20 0;
11 20 12 20 0;
18 20 0;
35 20 36 20 0;
42 20 0;
48 20 0;
7 21 11 21 0;
13 21 0;
18 21 0;
35 21 0;
39 21 40 21 0;
42 21 0;
49 21 0;
7 22 0;
11 22 0;
13 22 15 22 0;
18 22 0;
35 22 0;
37 22 38 22 0;
41 22 0;
43 22 0;
49 22 0;
7 23 0;
9 23 10 23 0;
12 23 0;
15 23 19 23 0;
35 23 36 23 0;
40 23 0;
43 23 0;
48 23 0;
8 24 0;
11 24 0;
15 24 0;
17 24 0;
20 24 22 24 0;
34 24 35 24 0;
39 24 0;
44 24 45 24 0;
47 24 0;
9 25 11 25 0;
16 25 0;
21 25 0;
23 25 27 25 0;
32 25 37 25 0;
45 25 0;
47 25 0;
10 26 11 26 0;
15 26 16 26 0;
21 26 0;
28 26 34 26 0;
38 26 0;
44 26 0;
46 26 0;
12 27 14 27 0;
22 27 0;
24 27 25 27 0;
27 27 0;
32 27 33 27 0;
39 27 0;
44 27 0;
46 27 0;
12 28 0;
23 28 26 28 0;
32 28 0;
40 28 0;
43 28 0;
46 28 0;
13 29 0;
20 29 21 29 0;
31 29 0;
40 29 0;
43 29 0;
46 29 0;
14 30 20 30 0;
23 30 24 30 0;
30 30 31 30 0;
41 30 42 30 0;
45 30 0;
15 31 16 31 0;
18 31 20 31 0;
22 31 0;
28 31 30 31 0;
41 31 0;
45 31 0;
14 32 0;
16 32 0;
18 32 19 32 0;
22 32 30 32 0;
38 32 41 32 0;
43 32 0;
45 32 0;
12 33 14 33 0;
17 33 0;
21 33 31 33 0;
37 33 0;
39 33 0;
41 33 42 33 0;
44 33 0;
11 34 0;
14 34 0;
18 34 20 34 0;
22 34 28 34 0;
32 34 0;
36 34 38 34 0;
40 34 41 34 0;
44 34 0;
47 34 0;
10 35 0;
14 35 0;
33 35 0;
36 35 37 35 0;
39 35 41 35 0;
43 35 44 35 0;
46 35 0;
48 35 0;
10 36 0;
14 36 0;
34 36 39 36 0;
42 36 0;
45 36 0;
48 36 0;
9 37 0;
15 37 0;
36 37 37 37 0;
40 37 0;
44 37 0;
47 37 0;
9 38 0;
15 38 0;
35 38 0;
39 38 40 38 0;
45 38 46 38 0;
9 39 0;
16 39 0;
34 39 0;
36 39 39 39 0;
46 39 0;
10 40 0;
17 40 0;
34 40 0;
36 40 40 40 0;
44 40 46 40 0;
10 41 11 41 0;
18 41 19 41 0;
33 41 0;
36 41 39 41 0;
41 41 0;
44 41 0;
46 41 0;
10 42 0;
12 42 0;
20 42 21 42 0;
31 42 32 42 0;
35 42 38 42 0;
42 42 45 42 0;
47 42 0;
9 43 0;
13 43 14 43 0;
18 43 19 43 0;
22 43 24 43 0;
28 43 30 43 0;
34 43 37 43 0;
46 43 47 43 0;
8 44 0;
10 44 11 44 0;
15 44 17 44 0;
25 44 27 44 0;
32 44 34 44 0;
36 44 0;
8 45 9 45 0;
12 45 0;
16 45 0;
28 45 31 45 0;
37 45 0;
12 46 0;
15 46 0;
30 46 0;
32 46 35 46 0;
37 46 0;
11 47 0;
14 47 0;
30 47 0;
32 47 0;
36 47 0;
11 48 13 48 0;
31 48 0;
