127 Pinsir;
1;
27 1 28 1 0;
25 2 26 2 0;
29 2 0;
24 3 0;
29 3 0;
23 4 0;
28 4 0;
19 5 0;
22 5 0;
28 5 0;
18 6 0;
20 6 21 6 0;
27 6 0;
29 6 0;
51 6 52 6 0;
18 7 0;
22 7 0;
27 7 28 7 0;
50 7 0;
53 7 0;
19 8 0;
22 8 0;
27 8 0;
50 8 0;
53 8 0;
19 9 21 9 0;
26 9 0;
49 9 0;
53 9 0;
19 10 0;
26 10 0;
49 10 0;
53 10 0;
18 11 0;
26 11 0;
48 11 0;
53 11 0;
14 12 15 12 0;
17 12 18 12 0;
26 12 0;
46 12 48 12 0;
53 12 0;
10 13 11 13 0;
13 13 0;
16 13 0;
19 13 0;
25 13 0;
45 13 0;
49 13 0;
52 13 0;
54 13 0;
9 14 0;
12 14 0;
17 14 0;
19 14 0;
25 14 0;
46 14 0;
49 14 0;
52 14 53 14 0;
8 15 0;
12 15 13 15 0;
17 15 18 15 0;
25 15 26 15 0;
45 15 0;
47 15 48 15 0;
52 15 0;
8 16 0;
12 16 13 16 0;
17 16 0;
25 16 0;
27 16 0;
44 16 0;
51 16 0;
8 17 0;
12 17 14 17 0;
16 17 0;
25 17 0;
28 17 0;
41 17 0;
43 17 0;
51 17 0;
8 18 0;
11 18 16 18 0;
24 18 0;
26 18 27 18 0;
40 18 0;
42 18 0;
51 18 0;
7 19 0;
9 19 0;
11 19 15 19 0;
17 19 0;
24 19 0;
40 19 0;
43 19 0;
50 19 0;
5 20 6 20 0;
9 20 11 20 0;
16 20 0;
24 20 30 20 0;
40 20 0;
43 20 0;
50 20 51 20 0;
4 21 0;
9 21 11 21 0;
14 21 15 21 0;
18 21 20 21 0;
24 21 0;
31 21 33 21 0;
39 21 0;
41 21 42 21 0;
49 21 0;
52 21 0;
3 22 0;
9 22 0;
12 22 13 22 0;
15 22 0;
17 22 0;
21 22 0;
25 22 0;
34 22 35 22 0;
38 22 0;
48 22 0;
50 22 51 22 0;
2 23 0;
7 23 8 23 0;
15 23 0;
18 23 0;
21 23 0;
25 23 0;
36 23 37 23 0;
48 23 49 23 0;
2 24 0;
4 24 6 24 0;
16 24 0;
19 24 20 24 0;
25 24 0;
37 24 0;
47 24 0;
2 25 3 25 0;
6 25 0;
16 25 0;
24 25 0;
27 25 0;
35 25 0;
37 25 0;
47 25 0;
3 26 0;
7 26 0;
17 26 0;
24 26 0;
28 26 29 26 0;
33 26 34 26 0;
38 26 0;
46 26 0;
4 27 0;
8 27 0;
11 27 14 27 0;
18 27 0;
23 27 0;
29 27 0;
34 27 0;
38 27 0;
45 27 46 27 0;
4 28 0;
9 28 10 28 0;
15 28 0;
17 28 22 28 0;
28 28 29 28 0;
33 28 34 28 0;
38 28 0;
46 28 0;
5 29 0;
9 29 0;
16 29 18 29 0;
39 29 0;
43 29 0;
47 29 0;
5 30 0;
9 30 0;
17 30 18 30 0;
28 30 32 30 0;
39 30 0;
43 30 46 30 0;
6 31 0;
8 31 9 31 0;
17 31 0;
19 31 0;
27 31 0;
30 31 0;
33 31 0;
39 31 0;
42 31 0;
6 32 8 32 0;
17 32 0;
20 32 0;
26 32 0;
30 32 0;
34 32 0;
39 32 41 32 0;
6 33 0;
17 33 0;
21 33 0;
26 33 0;
28 33 32 33 0;
34 33 0;
38 33 39 33 0;
43 33 47 33 0;
7 34 0;
16 34 0;
22 34 26 34 0;
30 34 0;
34 34 0;
38 34 0;
40 34 42 34 0;
48 34 0;
8 35 9 35 0;
16 35 0;
25 35 29 35 0;
31 35 33 35 0;
37 35 0;
41 35 0;
49 35 0;
10 36 11 36 0;
15 36 0;
17 36 0;
25 36 0;
28 36 30 36 0;
32 36 0;
34 36 37 36 0;
41 36 0;
46 36 0;
50 36 0;
12 37 14 37 0;
17 37 0;
25 37 0;
29 37 0;
32 37 0;
36 37 0;
41 37 0;
45 37 47 37 0;
50 37 0;
13 38 0;
18 38 0;
26 38 28 38 0;
30 38 31 38 0;
36 38 0;
41 38 0;
45 38 48 38 0;
50 38 0;
13 39 14 39 0;
17 39 0;
19 39 0;
35 39 0;
41 39 42 39 0;
44 39 48 39 0;
50 39 0;
12 40 0;
15 40 16 40 0;
20 40 23 40 0;
25 40 27 40 0;
34 40 35 40 0;
40 40 0;
43 40 0;
45 40 47 40 0;
49 40 0;
11 41 0;
16 41 0;
29 41 34 41 0;
36 41 0;
39 41 0;
46 41 0;
10 42 0;
16 42 0;
34 42 0;
37 42 38 42 0;
9 43 0;
17 43 0;
23 43 24 43 0;
26 43 27 43 0;
33 43 0;
35 43 0;
8 44 0;
10 44 0;
17 44 22 44 0;
28 44 29 44 0;
33 44 0;
36 44 0;
8 45 0;
10 45 0;
17 45 0;
30 45 0;
32 45 0;
36 45 0;
7 46 0;
11 46 0;
18 46 0;
31 46 0;
35 46 0;
37 46 0;
7 47 0;
12 47 0;
18 47 0;
23 47 25 47 0;
30 47 0;
35 47 0;
37 47 0;
6 48 0;
13 48 0;
18 48 22 48 0;
26 48 0;
29 48 0;
34 48 0;
37 48 0;
6 49 0;
14 49 15 49 0;
17 49 18 49 0;
27 49 28 49 0;
32 49 33 49 0;
37 49 0;
6 50 8 50 0;
15 50 17 50 0;
26 50 0;
29 50 31 50 0;
36 50 0;
5 51 6 51 0;
9 51 12 51 0;
14 51 0;
17 51 0;
23 51 25 51 0;
29 51 0;
31 51 0;
33 51 34 51 0;
36 51 38 51 0;
4 52 0;
9 52 0;
13 52 14 52 0;
18 52 22 52 0;
30 52 32 52 0;
35 52 36 52 0;
39 52 40 52 0;
3 53 0;
8 53 0;
14 53 0;
31 53 0;
37 53 0;
41 53 0;
4 54 13 54 0;
32 54 40 54 0;
