128 Tauros;
7;
10 0 12 0 0;
9 1 0;
13 1 0;
27 1 33 1 0;
8 2 0;
11 2 0;
14 2 0;
17 2 22 2 0;
25 2 26 2 0;
34 2 38 2 0;
8 3 0;
10 3 0;
12 3 13 3 0;
15 3 16 3 0;
23 3 24 3 0;
26 3 27 3 0;
31 3 33 3 0;
39 3 41 3 0;
8 4 0;
10 4 0;
14 4 0;
18 4 20 4 0;
22 4 0;
26 4 0;
28 4 30 4 0;
42 4 43 4 0;
7 5 11 5 0;
13 5 0;
16 5 17 5 0;
21 5 0;
26 5 0;
28 5 0;
44 5 45 5 0;
5 6 6 6 0;
12 6 13 6 0;
15 6 0;
17 6 0;
20 6 0;
25 6 26 6 0;
29 6 0;
37 6 42 6 0;
46 6 0;
4 7 0;
8 7 10 7 0;
13 7 0;
15 7 0;
18 7 19 7 0;
24 7 0;
26 7 0;
30 7 0;
32 7 34 7 0;
36 7 0;
43 7 44 7 0;
47 7 0;
4 8 0;
7 8 0;
9 8 0;
11 8 13 8 0;
15 8 16 8 0;
18 8 0;
23 8 0;
27 8 0;
31 8 0;
35 8 0;
45 8 0;
48 8 0;
3 9 0;
6 9 0;
9 9 0;
11 9 12 9 0;
15 9 0;
17 9 0;
22 9 0;
27 9 0;
32 9 0;
35 9 0;
41 9 42 9 0;
46 9 0;
48 9 0;
54 9 0;
3 10 0;
5 10 0;
9 10 0;
11 10 0;
14 10 0;
17 10 0;
21 10 0;
28 10 0;
32 10 0;
35 10 0;
40 10 0;
43 10 0;
46 10 48 10 0;
53 10 0;
3 11 0;
5 11 0;
10 11 0;
13 11 0;
16 11 0;
21 11 0;
28 11 0;
32 11 0;
35 11 0;
40 11 0;
43 11 0;
47 11 0;
49 11 0;
53 11 0;
3 12 0;
5 12 0;
9 12 0;
12 12 0;
16 12 0;
21 12 0;
29 12 0;
32 12 0;
35 12 36 12 0;
41 12 42 12 0;
47 12 0;
49 12 52 12 0;
3 13 0;
6 13 0;
8 13 0;
11 13 14 13 0;
16 13 0;
20 13 0;
30 13 31 13 0;
34 13 0;
37 13 0;
47 13 0;
49 13 0;
4 14 0;
7 14 0;
10 14 15 14 0;
20 14 0;
32 14 35 14 0;
37 14 0;
46 14 47 14 0;
49 14 0;
54 14 0;
5 15 0;
7 15 0;
9 15 0;
11 15 15 15 0;
20 15 0;
32 15 0;
34 15 36 15 0;
38 15 0;
45 15 46 15 0;
49 15 0;
52 15 53 15 0;
6 16 0;
9 16 0;
12 16 14 16 0;
19 16 0;
33 16 0;
35 16 36 16 0;
38 16 0;
44 16 46 16 0;
48 16 51 16 0;
6 17 0;
8 17 0;
12 17 14 17 0;
19 17 0;
33 17 0;
37 17 38 17 0;
44 17 0;
46 17 47 17 0;
50 17 0;
6 18 0;
8 18 9 18 0;
12 18 14 18 0;
19 18 0;
33 18 0;
46 18 0;
50 18 0;
4 19 6 19 0;
8 19 10 19 0;
13 19 14 19 0;
19 19 0;
34 19 0;
45 19 0;
50 19 0;
3 20 6 20 0;
8 20 10 20 0;
13 20 14 20 0;
19 20 0;
34 20 0;
45 20 0;
50 20 0;
2 21 7 21 0;
9 21 10 21 0;
13 21 15 21 0;
19 21 0;
35 21 0;
39 21 0;
43 21 0;
45 21 0;
49 21 0;
1 22 7 22 0;
9 22 0;
14 22 15 22 0;
19 22 0;
23 22 0;
36 22 0;
40 22 0;
43 22 0;
45 22 0;
49 22 0;
1 23 7 23 0;
9 23 0;
15 23 0;
19 23 0;
23 23 0;
37 23 0;
44 23 0;
49 23 0;
0 24 8 24 0;
10 24 0;
16 24 0;
20 24 0;
24 24 0;
38 24 43 24 0;
49 24 0;
0 25 10 25 0;
16 25 17 25 0;
20 25 0;
31 25 0;
48 25 0;
0 26 5 26 0;
8 26 10 26 0;
17 26 18 26 0;
20 26 0;
26 26 0;
45 26 0;
48 26 0;
0 27 4 27 0;
7 27 11 27 0;
17 27 19 27 0;
21 27 0;
26 27 0;
32 27 0;
44 27 0;
47 27 0;
0 28 2 28 0;
7 28 11 28 0;
17 28 18 28 0;
21 28 22 28 0;
26 28 0;
33 28 0;
42 28 0;
46 28 47 28 0;
1 29 0;
6 29 11 29 0;
17 29 18 29 0;
22 29 23 29 0;
26 29 0;
33 29 0;
42 29 0;
45 29 46 29 0;
2 30 0;
5 30 11 30 0;
17 30 0;
22 30 24 30 0;
27 30 0;
33 30 0;
41 30 46 30 0;
4 31 11 31 0;
17 31 0;
22 31 25 31 0;
27 31 28 31 0;
41 31 45 31 0;
4 32 11 32 0;
18 32 0;
22 32 23 32 0;
25 32 0;
27 32 28 32 0;
40 32 45 32 0;
3 33 11 33 0;
18 33 0;
22 33 0;
26 33 29 33 0;
39 33 40 33 0;
42 33 44 33 0;
3 34 10 34 0;
18 34 0;
22 34 0;
27 34 29 34 0;
38 34 39 34 0;
43 34 44 34 0;
3 35 10 35 0;
19 35 0;
22 35 0;
28 35 29 35 0;
37 35 38 35 0;
43 35 0;
3 36 9 36 0;
19 36 0;
23 36 0;
29 36 30 36 0;
36 36 0;
42 36 0;
3 37 8 37 0;
19 37 0;
23 37 0;
30 37 0;
35 37 0;
42 37 0;
4 38 8 38 0;
19 38 0;
24 38 0;
29 38 30 38 0;
32 38 34 38 0;
41 38 0;
4 39 7 39 0;
19 39 0;
25 39 28 39 0;
31 39 33 39 0;
40 39 0;
5 40 7 40 0;
19 40 0;
25 40 0;
31 40 32 40 0;
39 40 0;
5 41 7 41 0;
18 41 19 41 0;
25 41 0;
31 41 0;
39 41 0;
6 42 7 42 0;
18 42 19 42 0;
25 42 0;
31 42 0;
38 42 0;
8 43 0;
18 43 20 43 0;
24 43 0;
31 43 0;
37 43 0;
18 44 24 44 0;
30 44 0;
36 44 0;
19 45 23 45 0;
30 45 0;
36 45 0;
30 46 0;
35 46 0;
29 47 0;
35 47 0;
29 48 0;
34 48 0;
28 49 0;
33 49 0;
28 50 0;
32 50 0;
27 51 29 51 0;
32 51 0;
27 52 32 52 0;
27 53 33 53 0;
27 54 30 54 0;
32 54 33 54 0;
28 55 33 55 0;
