129 Magikarp;
2;
11 4 13 4 0;
29 4 0;
10 5 0;
14 5 15 5 0;
28 5 0;
30 5 0;
10 6 0;
16 6 0;
28 6 0;
30 6 0;
36 6 38 6 0;
11 7 13 7 0;
17 7 0;
27 7 0;
30 7 0;
35 7 0;
38 7 0;
11 8 0;
14 8 0;
18 8 0;
25 8 0;
27 8 0;
30 8 0;
33 8 34 8 0;
38 8 0;
11 9 0;
15 9 0;
19 9 0;
24 9 0;
26 9 0;
30 9 0;
32 9 0;
37 9 0;
11 10 0;
16 10 0;
19 10 0;
24 10 0;
26 10 0;
31 10 0;
37 10 0;
11 11 0;
17 11 0;
20 11 0;
24 11 0;
30 11 0;
36 11 0;
11 12 0;
17 12 0;
20 12 0;
24 12 0;
36 12 0;
10 13 12 13 0;
18 13 0;
21 13 0;
23 13 26 13 0;
35 13 0;
10 14 0;
13 14 14 14 0;
18 14 0;
21 14 22 14 0;
27 14 0;
35 14 0;
10 15 0;
15 15 0;
18 15 0;
21 15 24 15 0;
27 15 0;
34 15 0;
36 15 0;
10 16 0;
16 16 0;
19 16 20 16 0;
28 16 29 16 0;
37 16 38 16 0;
10 17 0;
17 17 18 17 0;
30 17 0;
37 17 40 17 0;
9 18 0;
16 18 0;
31 18 0;
36 18 0;
38 18 39 18 0;
41 18 0;
9 19 0;
15 19 0;
32 19 0;
35 19 37 19 0;
39 19 40 19 0;
42 19 0;
9 20 0;
14 20 0;
24 20 26 20 0;
32 20 0;
34 20 0;
38 20 0;
40 20 0;
43 20 0;
9 21 0;
14 21 0;
23 21 0;
27 21 0;
33 21 0;
38 21 0;
41 21 0;
44 21 0;
8 22 0;
13 22 0;
22 22 0;
28 22 0;
34 22 0;
38 22 0;
42 22 0;
44 22 0;
8 23 0;
13 23 0;
22 23 0;
28 23 0;
34 23 0;
39 23 0;
42 23 0;
45 23 0;
8 24 0;
11 24 12 24 0;
22 24 0;
26 24 0;
29 24 0;
35 24 0;
39 24 0;
43 24 0;
45 24 0;
7 25 10 25 0;
12 25 0;
14 25 16 25 0;
22 25 0;
29 25 0;
35 25 0;
39 25 0;
43 25 0;
46 25 0;
7 26 0;
12 26 13 26 0;
17 26 18 26 0;
23 26 0;
29 26 0;
35 26 0;
39 26 0;
43 26 0;
46 26 0;
7 27 0;
11 27 0;
19 27 0;
23 27 0;
29 27 0;
35 27 0;
38 27 39 27 0;
44 27 0;
47 27 0;
7 28 0;
11 28 0;
20 28 0;
24 28 0;
29 28 0;
36 28 37 28 0;
40 28 0;
44 28 0;
47 28 0;
6 29 0;
10 29 11 29 0;
13 29 16 29 0;
20 29 0;
25 29 0;
28 29 0;
36 29 0;
41 29 0;
44 29 0;
46 29 52 29 0;
6 30 0;
8 30 9 30 0;
11 30 17 30 0;
21 30 0;
26 30 27 30 0;
36 30 0;
41 30 45 30 0;
53 30 0;
5 31 7 31 0;
10 31 0;
13 31 18 31 0;
21 31 0;
36 31 0;
38 31 40 31 0;
46 31 52 31 0;
5 32 0;
8 32 9 32 0;
14 32 18 32 0;
21 32 0;
24 32 26 32 0;
36 32 37 32 0;
41 32 45 32 0;
50 32 0;
6 33 7 33 0;
14 33 18 33 0;
21 33 0;
27 33 0;
38 33 40 33 0;
49 33 0;
13 34 16 34 0;
18 34 0;
21 34 0;
24 34 25 34 0;
28 34 0;
36 34 37 34 0;
48 34 0;
12 35 0;
14 35 15 35 0;
18 35 0;
21 35 0;
26 35 0;
29 35 0;
35 35 0;
43 35 48 35 0;
12 36 0;
14 36 15 36 0;
18 36 0;
21 36 0;
27 36 0;
29 36 0;
35 36 0;
39 36 41 36 0;
47 36 0;
11 37 0;
13 37 15 37 0;
18 37 0;
21 37 0;
28 37 0;
30 37 0;
35 37 0;
37 37 0;
47 37 0;
8 38 11 38 0;
14 38 0;
16 38 17 38 0;
20 38 22 38 0;
28 38 0;
30 38 0;
36 38 0;
46 38 0;
6 39 7 39 0;
10 39 0;
13 39 14 39 0;
20 39 0;
22 39 0;
28 39 0;
30 39 0;
35 39 36 39 0;
46 39 0;
5 40 0;
8 40 10 40 0;
12 40 0;
15 40 0;
19 40 0;
23 40 0;
29 40 0;
31 40 0;
34 40 0;
36 40 0;
39 40 41 40 0;
45 40 0;
6 41 7 41 0;
10 41 0;
12 41 0;
16 41 18 41 0;
25 41 0;
29 41 0;
31 41 0;
33 41 0;
37 41 0;
42 41 43 41 0;
45 41 0;
8 42 10 42 0;
12 42 0;
18 42 0;
27 42 0;
29 42 0;
31 42 0;
33 42 34 42 0;
38 42 0;
43 42 44 42 0;
11 43 0;
13 43 0;
19 43 0;
26 43 0;
29 43 0;
31 43 32 43 0;
35 43 0;
39 43 0;
44 43 0;
11 44 0;
13 44 0;
18 44 0;
20 44 21 44 0;
24 44 25 44 0;
30 44 0;
32 44 0;
36 44 0;
39 44 40 44 0;
44 44 0;
11 45 0;
13 45 0;
17 45 0;
22 45 23 45 0;
29 45 30 45 0;
32 45 0;
37 45 38 45 0;
41 45 0;
44 45 0;
10 46 0;
12 46 16 46 0;
22 46 0;
24 46 28 46 0;
31 46 0;
33 46 0;
36 46 37 46 0;
39 46 0;
42 46 0;
44 46 0;
7 47 9 47 0;
11 47 0;
16 47 0;
21 47 0;
26 47 0;
31 47 0;
34 47 35 47 0;
37 47 0;
40 47 0;
42 47 0;
44 47 0;
6 48 0;
10 48 0;
17 48 18 48 0;
20 48 0;
26 48 0;
32 48 33 48 0;
36 48 0;
41 48 0;
43 48 0;
7 49 9 49 0;
19 49 0;
26 49 0;
33 49 35 49 0;
37 49 0;
40 49 0;
26 50 0;
29 50 31 50 0;
34 50 0;
38 50 39 50 0;
27 51 28 51 0;
32 51 33 51 0;
