013 Weedle;
1;
26 10 0;
25 11 0;
27 11 0;
25 12 0;
27 12 0;
24 13 0;
28 13 0;
22 14 0;
24 14 0;
28 14 0;
30 14 0;
21 15 0;
24 15 0;
28 15 0;
31 15 32 15 0;
20 16 0;
25 16 27 16 0;
33 16 0;
19 17 0;
34 17 0;
18 18 0;
22 18 23 18 0;
31 18 32 18 0;
35 18 0;
18 19 0;
21 19 23 19 0;
30 19 32 19 0;
35 19 0;
17 20 0;
21 20 22 20 0;
30 20 31 20 0;
36 20 0;
17 21 0;
23 21 28 21 0;
36 21 0;
17 22 0;
22 22 0;
26 22 29 22 0;
36 22 0;
17 23 0;
21 23 0;
27 23 30 23 0;
36 23 0;
17 24 0;
21 24 22 24 0;
26 24 30 24 0;
36 24 0;
18 25 0;
21 25 30 25 0;
35 25 0;
18 26 0;
22 26 29 26 0;
35 26 0;
19 27 0;
23 27 28 27 0;
34 27 0;
20 28 0;
33 28 0;
21 29 0;
32 29 0;
21 30 22 30 0;
30 30 31 30 0;
20 31 0;
25 31 28 31 0;
30 31 0;
38 31 0;
20 32 0;
31 32 0;
38 32 0;
20 33 0;
31 33 0;
37 33 0;
39 33 0;
20 34 0;
31 34 0;
37 34 0;
39 34 0;
21 35 0;
30 35 0;
36 35 0;
40 35 0;
21 36 23 36 0;
28 36 30 36 0;
36 36 0;
40 36 0;
21 37 0;
24 37 27 37 0;
31 37 0;
37 37 38 37 0;
40 37 0;
22 38 0;
31 38 0;
36 38 0;
39 38 0;
22 39 0;
30 39 31 39 0;
35 39 36 39 0;
39 39 0;
23 40 0;
28 40 29 40 0;
32 40 34 40 0;
37 40 0;
39 40 0;
24 41 27 41 0;
33 41 0;
37 41 38 41 0;
25 42 0;
33 42 0;
37 42 0;
26 43 27 43 0;
32 43 0;
36 43 0;
28 44 35 44 0;
