130 Gyarados;
2;
29 0 0;
40 0 42 0 0;
16 1 17 1 0;
28 1 0;
30 1 0;
36 1 39 1 0;
42 1 0;
15 2 0;
18 2 0;
27 2 0;
30 2 0;
33 2 35 2 0;
41 2 0;
15 3 0;
18 3 0;
27 3 0;
30 3 32 3 0;
40 3 0;
15 4 0;
18 4 0;
26 4 0;
39 4 0;
14 5 0;
18 5 0;
23 5 25 5 0;
38 5 41 5 0;
50 5 51 5 0;
9 6 0;
14 6 0;
18 6 0;
22 6 0;
25 6 0;
42 6 0;
49 6 0;
52 6 0;
8 7 0;
10 7 0;
14 7 0;
17 7 0;
21 7 0;
24 7 0;
30 7 33 7 0;
41 7 0;
48 7 0;
52 7 0;
8 8 0;
10 8 0;
14 8 0;
17 8 0;
19 8 21 8 0;
24 8 0;
27 8 29 8 0;
34 8 0;
40 8 0;
46 8 47 8 0;
51 8 0;
8 9 0;
10 9 11 9 0;
13 9 0;
17 9 18 9 0;
22 9 23 9 0;
25 9 26 9 0;
35 9 0;
38 9 39 9 0;
44 9 45 9 0;
51 9 0;
8 10 0;
10 10 11 10 0;
13 10 0;
17 10 0;
24 10 25 10 0;
36 10 37 10 0;
39 10 40 10 0;
42 10 43 10 0;
50 10 0;
0 11 1 11 0;
8 11 0;
11 11 12 11 0;
17 11 0;
26 11 0;
37 11 0;
41 11 42 11 0;
50 11 0;
0 12 0;
2 12 3 12 0;
9 12 0;
11 12 12 12 0;
17 12 0;
27 12 0;
38 12 0;
42 12 0;
50 12 51 12 0;
1 13 0;
4 13 5 13 0;
9 13 0;
12 13 0;
16 13 0;
28 13 0;
39 13 0;
43 13 0;
53 13 54 13 0;
2 14 0;
6 14 0;
9 14 0;
11 14 0;
16 14 0;
28 14 0;
40 14 0;
43 14 0;
2 15 0;
7 15 0;
9 15 0;
11 15 0;
16 15 0;
21 15 31 15 0;
40 15 0;
44 15 0;
54 15 0;
3 16 0;
8 16 9 16 0;
11 16 0;
16 16 20 16 0;
32 16 0;
40 16 0;
44 16 0;
51 16 53 16 0;
3 17 0;
8 17 9 17 0;
28 17 31 17 0;
40 17 0;
44 17 0;
49 17 50 17 0;
52 17 0;
3 18 0;
8 18 0;
10 18 0;
23 18 29 18 0;
38 18 39 18 0;
45 18 0;
47 18 48 18 0;
50 18 0;
52 18 0;
2 19 0;
8 19 10 19 0;
19 19 23 19 0;
29 19 0;
35 19 37 19 0;
45 19 46 19 0;
50 19 0;
52 19 0;
2 20 0;
7 20 10 20 0;
16 20 18 20 0;
22 20 23 20 0;
29 20 0;
32 20 36 20 0;
45 20 46 20 0;
52 20 0;
3 21 0;
6 21 7 21 0;
10 21 0;
13 21 16 21 0;
22 21 0;
29 21 35 21 0;
44 21 0;
46 21 0;
51 21 0;
4 22 5 22 0;
7 22 0;
9 22 0;
11 22 12 22 0;
16 22 0;
18 22 19 22 0;
22 22 0;
28 22 30 22 0;
32 22 0;
34 22 35 22 0;
44 22 0;
46 22 0;
51 22 0;
4 23 5 23 0;
13 23 14 23 0;
17 23 22 23 0;
26 23 29 23 0;
31 23 0;
33 23 0;
35 23 0;
42 23 43 23 0;
45 23 0;
51 23 0;
4 24 0;
6 24 7 24 0;
17 24 0;
20 24 21 24 0;
27 24 30 24 0;
32 24 0;
34 24 0;
41 24 42 24 0;
45 24 0;
51 24 0;
3 25 0;
5 25 0;
8 25 10 25 0;
14 25 15 25 0;
18 25 0;
30 25 34 25 0;
38 25 42 25 0;
44 25 45 25 0;
49 25 51 25 0;
4 26 5 26 0;
9 26 12 26 0;
16 26 0;
35 26 41 26 0;
43 26 47 26 0;
50 26 51 26 0;
5 27 6 27 0;
8 27 14 27 0;
17 27 0;
24 27 0;
35 27 0;
39 27 42 27 0;
48 27 49 27 0;
51 27 54 27 0;
6 28 0;
8 28 13 28 0;
15 28 0;
17 28 0;
22 28 23 28 0;
35 28 0;
42 28 44 28 0;
50 28 52 28 0;
6 29 13 29 0;
16 29 0;
18 29 0;
21 29 22 29 0;
28 29 34 29 0;
45 29 0;
49 29 50 29 0;
54 29 0;
5 30 0;
9 30 13 30 0;
16 30 0;
18 30 0;
20 30 21 30 0;
26 30 27 30 0;
42 30 44 30 0;
47 30 48 30 0;
54 30 0;
5 31 0;
7 31 0;
9 31 13 31 0;
15 31 17 31 0;
19 31 21 31 0;
28 31 0;
41 31 46 31 0;
54 31 0;
4 32 0;
6 32 0;
8 32 17 32 0;
19 32 20 32 0;
24 32 28 32 0;
41 32 42 32 0;
46 32 47 32 0;
4 33 0;
6 33 0;
8 33 10 33 0;
16 33 18 33 0;
20 33 0;
22 33 23 33 0;
30 33 31 33 0;
40 33 41 33 0;
48 33 0;
3 34 0;
5 34 6 34 0;
8 34 9 34 0;
17 34 18 34 0;
20 34 21 34 0;
23 34 0;
32 34 33 34 0;
40 34 41 34 0;
48 34 0;
3 35 0;
5 35 0;
7 35 9 35 0;
17 35 18 35 0;
20 35 0;
24 35 25 35 0;
34 35 0;
36 35 39 35 0;
41 35 0;
49 35 0;
3 36 0;
5 36 0;
8 36 9 36 0;
17 36 0;
19 36 0;
21 36 0;
26 36 0;
35 36 36 36 0;
40 36 44 36 0;
49 36 51 36 0;
3 37 0;
5 37 6 37 0;
8 37 10 37 0;
12 37 0;
16 37 0;
19 37 0;
21 37 0;
27 37 0;
34 37 35 37 0;
37 37 38 37 0;
40 37 0;
45 37 0;
50 37 52 37 0;
2 38 3 38 0;
5 38 0;
7 38 11 38 0;
13 38 16 38 0;
18 38 19 38 0;
21 38 0;
27 38 0;
33 38 0;
39 38 0;
46 38 0;
49 38 0;
1 39 3 39 0;
5 39 0;
7 39 0;
9 39 11 39 0;
13 39 15 39 0;
18 39 19 39 0;
22 39 0;
26 39 0;
28 39 0;
33 39 0;
39 39 0;
46 39 0;
49 39 0;
54 39 0;
0 40 0;
2 40 3 40 0;
5 40 0;
7 40 0;
10 40 11 40 0;
14 40 15 40 0;
17 40 0;
20 40 0;
22 40 0;
26 40 0;
28 40 0;
32 40 0;
38 40 39 40 0;
47 40 48 40 0;
54 40 0;
0 41 0;
2 41 3 41 0;
5 41 0;
8 41 0;
11 41 14 41 0;
17 41 0;
20 41 0;
22 41 0;
25 41 0;
28 41 0;
32 41 0;
38 41 39 41 0;
41 41 0;
47 41 0;
49 41 0;
53 41 54 41 0;
0 42 0;
2 42 3 42 0;
5 42 0;
9 42 0;
16 42 0;
20 42 0;
22 42 0;
25 42 0;
28 42 0;
32 42 0;
37 42 0;
39 42 40 42 0;
42 42 0;
47 42 0;
49 42 52 42 0;
54 42 0;
0 43 0;
2 43 3 43 0;
5 43 0;
10 43 15 43 0;
19 43 0;
21 43 0;
25 43 26 43 0;
28 43 0;
31 43 0;
34 43 36 43 0;
38 43 39 43 0;
42 43 0;
46 43 0;
49 43 0;
54 43 0;
1 44 0;
4 44 0;
19 44 0;
21 44 0;
24 44 0;
27 44 0;
29 44 33 44 0;
38 44 39 44 0;
43 44 0;
46 44 0;
48 44 49 44 0;
53 44 0;
2 45 3 45 0;
19 45 0;
21 45 0;
24 45 0;
27 45 0;
29 45 0;
37 45 38 45 0;
43 45 0;
45 45 0;
47 45 0;
49 45 0;
52 45 0;
54 45 0;
19 46 0;
21 46 0;
23 46 24 46 0;
27 46 0;
29 46 0;
37 46 38 46 0;
43 46 0;
45 46 47 46 0;
49 46 0;
52 46 0;
54 46 0;
19 47 0;
21 47 0;
23 47 0;
25 47 26 47 0;
28 47 0;
35 47 36 47 0;
39 47 0;
43 47 44 47 0;
49 47 0;
52 47 0;
20 48 0;
22 48 25 48 0;
27 48 0;
32 48 34 48 0;
39 48 0;
43 48 44 48 0;
48 48 0;
51 48 0;
21 49 0;
26 49 0;
28 49 31 49 0;
35 49 0;
39 49 0;
42 49 43 49 0;
48 49 0;
51 49 0;
22 50 25 50 0;
36 50 0;
39 50 42 50 0;
48 50 0;
51 50 0;
24 51 0;
37 51 0;
39 51 0;
42 51 0;
47 51 0;
50 51 0;
24 52 0;
38 52 0;
42 52 43 52 0;
45 52 47 52 0;
50 52 51 52 0;
25 53 0;
36 53 37 53 0;
44 53 0;
46 53 0;
48 53 0;
50 53 0;
52 53 53 53 0;
26 54 27 54 0;
33 54 35 54 0;
47 54 48 54 0;
50 54 0;
53 54 0;
28 55 32 55 0;
49 55 0;
54 55 0;
