131 Lapras;
2;
6 0 7 0 0;
13 0 15 0 0;
5 1 0;
8 1 0;
11 1 12 1 0;
16 1 17 1 0;
23 1 25 1 0;
5 2 0;
9 2 10 2 0;
18 2 0;
21 2 22 2 0;
26 2 27 2 0;
6 3 0;
11 3 12 3 0;
17 3 20 3 0;
28 3 0;
6 4 0;
13 4 0;
23 4 24 4 0;
28 4 0;
7 5 0;
22 5 0;
25 5 0;
29 5 0;
7 6 0;
13 6 0;
21 6 0;
29 6 0;
8 7 0;
12 7 0;
21 7 0;
29 7 0;
6 8 0;
9 8 0;
21 8 0;
29 8 0;
5 9 0;
22 9 0;
28 9 0;
4 10 0;
23 10 24 10 0;
27 10 0;
4 11 0;
16 11 17 11 0;
25 11 26 11 0;
3 12 0;
14 12 15 12 0;
18 12 19 12 0;
25 12 0;
2 13 0;
13 13 0;
15 13 0;
25 13 0;
2 14 0;
12 14 16 14 0;
25 14 0;
1 15 0;
13 15 15 15 0;
22 15 24 15 0;
1 16 0;
18 16 0;
21 16 24 16 0;
1 17 0;
5 17 0;
15 17 17 17 0;
21 17 24 17 0;
2 18 0;
11 18 14 18 0;
22 18 23 18 0;
28 18 29 18 0;
3 19 4 19 0;
7 19 10 19 0;
17 19 18 19 0;
23 19 0;
27 19 0;
30 19 0;
5 20 6 20 0;
14 20 15 20 0;
22 20 0;
27 20 0;
30 20 0;
7 21 13 21 0;
22 21 0;
26 21 0;
31 21 0;
12 22 0;
14 22 0;
22 22 0;
26 22 0;
31 22 0;
12 23 0;
22 23 0;
24 23 0;
26 23 0;
31 23 0;
12 24 0;
16 24 0;
21 24 0;
23 24 0;
25 24 0;
31 24 0;
11 25 0;
21 25 22 25 0;
25 25 0;
32 25 0;
11 26 0;
21 26 0;
26 26 0;
33 26 34 26 0;
10 27 0;
16 27 0;
21 27 0;
36 27 0;
10 28 0;
22 28 0;
37 28 0;
39 28 40 28 0;
9 29 0;
22 29 23 29 0;
38 29 0;
41 29 0;
9 30 0;
15 30 0;
17 30 18 30 0;
23 30 25 30 0;
38 30 0;
41 30 0;
45 30 46 30 0;
8 31 0;
17 31 19 31 0;
23 31 27 31 0;
39 31 0;
41 31 0;
43 31 44 31 0;
47 31 0;
8 32 0;
18 32 19 32 0;
25 32 28 32 0;
40 32 42 32 0;
47 32 0;
7 33 0;
15 33 0;
27 33 29 33 0;
47 33 0;
7 34 0;
22 34 23 34 0;
29 34 0;
46 34 0;
7 35 0;
22 35 23 35 0;
30 35 0;
37 35 0;
46 35 0;
6 36 0;
14 36 0;
22 36 24 36 0;
30 36 0;
36 36 0;
38 36 0;
45 36 0;
6 37 0;
23 37 24 37 0;
31 37 0;
34 37 35 37 0;
45 37 0;
6 38 0;
31 38 0;
46 38 0;
6 39 0;
15 39 0;
31 39 0;
41 39 43 39 0;
46 39 0;
6 40 0;
22 40 23 40 0;
32 40 0;
39 40 40 40 0;
44 40 45 40 0;
7 41 0;
21 41 0;
32 41 0;
38 41 0;
41 41 42 41 0;
46 41 0;
6 42 7 42 0;
16 42 0;
20 42 0;
27 42 28 42 0;
33 42 0;
37 42 0;
40 42 43 42 0;
47 42 0;
5 43 0;
8 43 0;
20 43 0;
27 43 29 43 0;
34 43 36 43 0;
41 43 42 43 0;
48 43 0;
4 44 0;
8 44 0;
18 44 0;
20 44 0;
28 44 29 44 0;
48 44 0;
3 45 0;
9 45 0;
20 45 0;
35 45 36 45 0;
45 45 46 45 0;
2 46 0;
10 46 0;
21 46 0;
37 46 0;
45 46 46 46 0;
49 46 0;
2 47 0;
11 47 0;
22 47 0;
38 47 39 47 0;
49 47 0;
1 48 0;
12 48 13 48 0;
23 48 0;
33 48 35 48 0;
40 48 0;
50 48 0;
1 49 0;
13 49 15 49 0;
24 49 0;
34 49 36 49 0;
41 49 42 49 0;
51 49 0;
0 50 0;
11 50 13 50 0;
16 50 18 50 0;
25 50 26 50 0;
43 50 44 50 0;
52 50 0;
0 51 0;
8 51 10 51 0;
19 51 23 51 0;
27 51 28 51 0;
44 51 45 51 0;
53 51 0;
0 52 0;
4 52 7 52 0;
24 52 31 52 0;
45 52 46 52 0;
54 52 0;
1 53 3 53 0;
32 53 34 53 0;
46 53 47 53 0;
35 54 39 54 0;
44 54 45 54 0;
48 54 49 54 0;
53 54 54 54 0;
40 55 43 55 0;
50 55 52 55 0;
