132 Ditto;
6;
37 12 39 12 0;
36 13 0;
40 13 0;
30 14 32 14 0;
36 14 0;
40 14 0;
22 15 24 15 0;
29 15 0;
33 15 0;
36 15 0;
40 15 0;
21 16 0;
25 16 28 16 0;
33 16 0;
36 16 0;
40 16 0;
21 17 0;
33 17 0;
35 17 0;
40 17 0;
17 18 19 18 0;
21 18 0;
34 18 0;
40 18 0;
16 19 0;
20 19 0;
28 19 0;
40 19 0;
16 20 0;
32 20 0;
40 20 0;
16 21 0;
23 21 0;
30 21 31 21 0;
39 21 0;
17 22 0;
28 22 29 22 0;
39 22 0;
17 23 0;
25 23 27 23 0;
39 23 0;
17 24 0;
22 24 24 24 0;
38 24 0;
18 25 0;
38 25 0;
18 26 0;
38 26 0;
18 27 0;
38 27 0;
17 28 0;
38 28 0;
17 29 0;
39 29 0;
17 30 0;
39 30 0;
16 31 0;
40 31 0;
14 32 15 32 0;
40 32 0;
12 33 13 33 0;
41 33 0;
11 34 0;
41 34 0;
10 35 0;
37 35 0;
39 35 41 35 0;
10 36 0;
42 36 0;
10 37 0;
26 37 0;
43 37 0;
11 38 12 38 0;
23 38 24 38 0;
43 38 0;
13 39 22 39 0;
33 39 38 39 0;
42 39 0;
23 40 25 40 0;
40 40 41 40 0;
26 41 39 41 0;
