133 Eevee;
7;
37 10 38 10 0;
10 11 13 11 0;
36 11 0;
38 11 39 11 0;
10 12 0;
14 12 15 12 0;
34 12 35 12 0;
38 12 39 12 0;
10 13 0;
16 13 0;
32 13 33 13 0;
37 13 39 13 0;
10 14 0;
17 14 18 14 0;
30 14 31 14 0;
37 14 39 14 0;
43 14 46 14 0;
11 15 0;
19 15 25 15 0;
28 15 29 15 0;
36 15 39 15 0;
41 15 42 15 0;
47 15 0;
11 16 12 16 0;
17 16 18 16 0;
26 16 27 16 0;
35 16 40 16 0;
46 16 0;
12 17 13 17 0;
34 17 38 17 0;
46 17 0;
12 18 13 18 0;
33 18 37 18 0;
45 18 0;
13 19 0;
31 19 36 19 0;
45 19 0;
13 20 15 20 0;
26 20 27 20 0;
31 20 35 20 0;
44 20 0;
14 21 15 21 0;
24 21 0;
27 21 0;
32 21 34 21 0;
44 21 0;
14 22 17 22 0;
23 22 24 22 0;
27 22 0;
32 22 33 22 0;
44 22 0;
13 23 0;
15 23 16 23 0;
23 23 27 23 0;
32 23 0;
34 23 0;
43 23 0;
13 24 0;
24 24 26 24 0;
31 24 0;
35 24 0;
43 24 0;
13 25 0;
18 25 19 25 0;
31 25 0;
36 25 0;
43 25 0;
14 26 0;
21 26 0;
30 26 0;
32 26 0;
37 26 0;
43 26 0;
13 27 0;
15 27 0;
18 27 20 27 0;
28 27 29 27 0;
33 27 0;
37 27 0;
43 27 0;
13 28 0;
16 28 17 28 0;
25 28 27 28 0;
32 28 33 28 0;
38 28 0;
43 28 0;
12 29 0;
18 29 24 29 0;
33 29 0;
38 29 0;
42 29 0;
12 30 0;
33 30 0;
38 30 0;
42 30 0;
12 31 0;
32 31 0;
38 31 0;
41 31 0;
12 32 0;
16 32 0;
29 32 0;
32 32 0;
38 32 0;
40 32 0;
13 33 0;
15 33 0;
24 33 0;
29 33 0;
31 33 0;
39 33 0;
13 34 0;
15 34 0;
25 34 0;
28 34 0;
30 34 31 34 0;
39 34 0;
14 35 15 35 0;
25 35 0;
28 35 29 35 0;
31 35 32 35 0;
39 35 0;
16 36 0;
25 36 27 36 0;
30 36 33 36 0;
39 36 0;
17 37 19 37 0;
24 37 0;
30 37 0;
33 37 0;
39 37 0;
17 38 0;
20 38 23 38 0;
29 38 0;
34 38 0;
39 38 0;
18 39 0;
22 39 0;
29 39 0;
34 39 0;
39 39 0;
18 40 0;
21 40 0;
28 40 0;
34 40 0;
39 40 0;
19 41 21 41 0;
28 41 0;
33 41 0;
39 41 0;
21 42 0;
27 42 0;
33 42 0;
39 42 0;
20 43 0;
26 43 0;
32 43 0;
34 43 0;
36 43 0;
38 43 0;
19 44 0;
25 44 0;
33 44 37 44 0;
19 45 0;
25 45 0;
19 46 0;
21 46 0;
24 46 0;
20 47 23 47 0;
