134 Vaporeon;
2;
9 6 10 6 0;
8 7 0;
11 7 0;
7 8 0;
11 8 0;
32 8 33 8 0;
6 9 0;
10 9 0;
23 9 24 9 0;
32 9 0;
34 9 0;
6 10 0;
10 10 0;
23 10 0;
25 10 0;
32 10 33 10 0;
35 10 0;
5 11 0;
10 11 0;
13 11 15 11 0;
23 11 0;
25 11 26 11 0;
32 11 33 11 0;
36 11 0;
5 12 0;
10 12 0;
12 12 0;
16 12 0;
23 12 0;
26 12 27 12 0;
32 12 34 12 0;
37 12 0;
47 12 49 12 0;
5 13 0;
11 13 0;
15 13 0;
23 13 0;
27 13 28 13 0;
33 13 34 13 0;
37 13 0;
46 13 47 13 0;
50 13 0;
5 14 0;
11 14 0;
14 14 0;
24 14 0;
28 14 29 14 0;
33 14 34 14 0;
38 14 0;
45 14 46 14 0;
50 14 0;
5 15 0;
13 15 0;
24 15 0;
28 15 30 15 0;
33 15 34 15 0;
38 15 0;
44 15 45 15 0;
50 15 0;
5 16 0;
13 16 0;
24 16 0;
29 16 34 16 0;
38 16 40 16 0;
43 16 45 16 0;
50 16 0;
6 17 0;
12 17 0;
25 17 0;
28 17 34 17 0;
36 17 44 17 0;
50 17 0;
6 18 0;
12 18 0;
25 18 0;
27 18 30 18 0;
33 18 35 18 0;
38 18 43 18 0;
49 18 0;
7 19 0;
11 19 12 19 0;
25 19 28 19 0;
33 19 34 19 0;
39 19 42 19 0;
49 19 0;
8 20 0;
13 20 0;
23 20 24 20 0;
26 20 28 20 0;
33 20 0;
40 20 41 20 0;
48 20 0;
8 21 0;
14 21 0;
22 21 23 21 0;
27 21 0;
33 21 0;
46 21 47 21 0;
8 22 0;
15 22 0;
22 22 0;
27 22 0;
43 22 45 22 0;
8 23 0;
16 23 17 23 0;
21 23 22 23 0;
27 23 0;
29 23 0;
38 23 39 23 0;
42 23 43 23 0;
46 23 47 23 0;
9 24 0;
18 24 22 24 0;
27 24 0;
29 24 30 24 0;
36 24 39 24 0;
42 24 0;
48 24 0;
9 25 0;
19 25 0;
22 25 24 25 0;
27 25 0;
29 25 0;
31 25 0;
35 25 36 25 0;
38 25 39 25 0;
42 25 0;
49 25 0;
10 26 0;
21 26 0;
27 26 0;
30 26 0;
36 26 38 26 0;
41 26 0;
49 26 0;
10 27 0;
21 27 0;
28 27 0;
41 27 0;
49 27 0;
11 28 0;
16 28 0;
21 28 0;
28 28 0;
40 28 0;
43 28 44 28 0;
48 28 0;
12 29 0;
16 29 0;
22 29 0;
29 29 0;
32 29 33 29 0;
36 29 0;
38 29 39 29 0;
45 29 46 29 0;
48 29 0;
13 30 0;
15 30 0;
23 30 0;
30 30 0;
36 30 37 30 0;
47 30 0;
14 31 15 31 0;
24 31 0;
27 31 0;
31 31 35 31 0;
39 31 0;
47 31 0;
15 32 0;
24 32 0;
26 32 0;
31 32 0;
40 32 0;
46 32 0;
15 33 0;
25 33 0;
30 33 0;
41 33 0;
46 33 0;
15 34 0;
26 34 0;
42 34 0;
45 34 0;
16 35 0;
27 35 28 35 0;
40 35 44 35 0;
16 36 0;
24 36 29 36 0;
39 36 41 36 0;
43 36 44 36 0;
15 37 0;
23 37 39 37 0;
44 37 0;
13 38 15 38 0;
22 38 31 38 0;
38 38 0;
44 38 0;
12 39 0;
15 39 0;
21 39 22 39 0;
24 39 29 39 0;
32 39 0;
39 39 0;
43 39 0;
11 40 0;
14 40 0;
20 40 0;
24 40 29 40 0;
32 40 0;
40 40 0;
42 40 0;
11 41 0;
20 41 0;
25 41 29 41 0;
33 41 0;
40 41 41 41 0;
12 42 0;
19 42 0;
24 42 29 42 0;
34 42 0;
41 42 0;
13 43 0;
19 43 0;
24 43 29 43 0;
35 43 0;
42 43 0;
13 44 0;
18 44 0;
24 44 30 44 0;
34 44 0;
36 44 0;
43 44 0;
13 45 0;
18 45 0;
25 45 31 45 0;
34 45 0;
37 45 0;
44 45 0;
13 46 0;
18 46 0;
27 46 32 46 0;
35 46 38 46 0;
45 46 0;
13 47 0;
19 47 0;
28 47 33 47 0;
39 47 0;
46 47 0;
14 48 0;
16 48 0;
18 48 19 48 0;
29 48 33 48 0;
40 48 0;
42 48 0;
44 48 0;
46 48 0;
15 49 18 49 0;
41 49 45 49 0;
