135 Jolteon;
5;
16 8 0;
15 9 16 9 0;
47 9 48 9 0;
14 10 0;
16 10 0;
46 10 0;
48 10 0;
13 11 14 11 0;
16 11 0;
30 11 36 11 0;
45 11 0;
47 11 0;
13 12 14 12 0;
16 12 0;
28 12 29 12 0;
34 12 35 12 0;
44 12 0;
47 12 0;
12 13 13 13 0;
16 13 0;
20 13 0;
27 13 0;
32 13 35 13 0;
43 13 0;
46 13 0;
12 14 13 14 0;
15 14 16 14 0;
19 14 20 14 0;
25 14 26 14 0;
30 14 34 14 0;
40 14 0;
42 14 0;
46 14 0;
12 15 13 15 0;
15 15 18 15 0;
20 15 0;
24 15 0;
28 15 32 15 0;
39 15 0;
41 15 0;
45 15 0;
12 16 17 16 0;
20 16 0;
23 16 0;
27 16 30 16 0;
38 16 0;
40 16 0;
44 16 0;
49 16 50 16 0;
12 17 13 17 0;
15 17 0;
19 17 0;
21 17 22 17 0;
26 17 31 17 0;
37 17 0;
39 17 0;
44 17 0;
47 17 48 17 0;
50 17 0;
12 18 0;
14 18 0;
18 18 0;
21 18 0;
25 18 28 18 0;
36 18 0;
38 18 0;
43 18 0;
45 18 46 18 0;
49 18 0;
11 19 0;
21 19 0;
25 19 28 19 0;
32 19 35 19 0;
37 19 0;
43 19 44 19 0;
48 19 0;
11 20 0;
21 20 0;
26 20 31 20 0;
36 20 0;
42 20 0;
47 20 0;
10 21 0;
25 21 0;
28 21 0;
35 21 0;
41 21 0;
47 21 0;
7 22 8 22 0;
10 22 0;
22 22 0;
26 22 0;
28 22 34 22 0;
40 22 0;
46 22 0;
7 23 0;
9 23 11 23 0;
20 23 22 23 0;
27 23 0;
35 23 39 23 0;
45 23 0;
7 24 0;
10 24 11 24 0;
18 24 0;
20 24 22 24 0;
26 24 0;
40 24 0;
44 24 49 24 0;
8 25 0;
10 25 12 25 0;
18 25 21 25 0;
26 25 0;
37 25 39 25 0;
49 25 0;
4 26 7 26 0;
10 26 0;
12 26 0;
18 26 20 26 0;
27 26 0;
33 26 36 26 0;
47 26 48 26 0;
5 27 0;
10 27 0;
24 27 26 27 0;
30 27 32 27 0;
45 27 46 27 0;
6 28 7 28 0;
10 28 0;
13 28 14 28 0;
23 28 24 28 0;
31 28 0;
43 28 44 28 0;
7 29 0;
11 29 0;
18 29 0;
22 29 0;
32 29 0;
41 29 42 29 0;
6 30 0;
12 30 13 30 0;
17 30 21 30 0;
33 30 0;
40 30 41 30 0;
5 31 0;
14 31 17 31 0;
34 31 0;
42 31 0;
4 32 0;
10 32 11 32 0;
35 32 0;
43 32 0;
3 33 0;
7 33 9 33 0;
11 33 0;
30 33 32 33 0;
36 33 0;
44 33 0;
3 34 6 34 0;
10 34 0;
27 34 0;
31 34 37 34 0;
45 34 0;
9 35 0;
21 35 0;
27 35 29 35 0;
31 35 35 35 0;
37 35 39 35 0;
46 35 0;
8 36 0;
13 36 14 36 0;
21 36 22 36 0;
27 36 34 36 0;
40 36 41 36 0;
47 36 0;
7 37 0;
11 37 14 37 0;
21 37 23 37 0;
27 37 33 37 0;
40 37 44 37 0;
48 37 0;
6 38 15 38 0;
20 38 24 38 0;
27 38 33 38 0;
41 38 42 38 0;
45 38 46 38 0;
49 38 0;
11 39 15 39 0;
20 39 25 39 0;
27 39 34 39 0;
41 39 0;
47 39 48 39 0;
50 39 0;
11 40 0;
14 40 16 40 0;
19 40 24 40 0;
26 40 32 40 0;
34 40 0;
41 40 0;
49 40 50 40 0;
10 41 0;
14 41 0;
16 41 0;
19 41 0;
22 41 23 41 0;
27 41 31 41 0;
35 41 0;
40 41 0;
9 42 0;
14 42 0;
17 42 0;
19 42 0;
23 42 0;
27 42 31 42 0;
35 42 0;
40 42 0;
8 43 0;
13 43 0;
17 43 0;
19 43 0;
22 43 0;
26 43 30 43 0;
35 43 0;
40 43 0;
7 44 0;
13 44 0;
16 44 0;
18 44 0;
22 44 0;
26 44 30 44 0;
35 44 0;
40 44 0;
7 45 0;
9 45 0;
12 45 0;
16 45 0;
21 45 0;
25 45 30 45 0;
34 45 0;
40 45 0;
8 46 11 46 0;
15 46 0;
21 46 0;
25 46 29 46 0;
34 46 0;
40 46 0;
14 47 0;
20 47 0;
34 47 0;
37 47 0;
39 47 0;
14 48 0;
20 48 0;
35 48 38 48 0;
14 49 0;
17 49 0;
19 49 0;
15 50 18 50 0;
