136 Flareon;
4;
21 5 27 5 0;
32 5 35 5 0;
19 6 20 6 0;
28 6 31 6 0;
36 6 0;
14 7 16 7 0;
18 7 0;
22 7 23 7 0;
29 7 0;
34 7 35 7 0;
13 8 0;
17 8 0;
20 8 22 8 0;
28 8 30 8 0;
33 8 0;
46 8 0;
12 9 0;
16 9 0;
19 9 21 9 0;
27 9 0;
32 9 0;
45 9 0;
47 9 50 9 0;
12 10 0;
16 10 0;
18 10 20 10 0;
28 10 0;
31 10 0;
33 10 0;
40 10 0;
45 10 0;
51 10 0;
11 11 0;
15 11 0;
18 11 20 11 0;
25 11 27 11 0;
31 11 0;
33 11 0;
39 11 0;
41 11 0;
43 11 44 11 0;
51 11 0;
9 12 10 12 0;
15 12 0;
18 12 19 12 0;
23 12 24 12 0;
30 12 0;
32 12 0;
34 12 0;
38 12 39 12 0;
42 12 0;
48 12 0;
51 12 0;
8 13 0;
14 13 0;
17 13 19 13 0;
22 13 0;
28 13 31 13 0;
34 13 0;
37 13 0;
46 13 47 13 0;
50 13 0;
8 14 0;
14 14 0;
17 14 18 14 0;
22 14 0;
25 14 27 14 0;
34 14 0;
36 14 0;
43 14 46 14 0;
50 14 0;
7 15 0;
14 15 0;
17 15 18 15 0;
21 15 0;
24 15 25 15 0;
33 15 0;
35 15 0;
41 15 46 15 0;
49 15 0;
7 16 0;
14 16 0;
17 16 18 16 0;
21 16 0;
23 16 0;
32 16 0;
35 16 0;
39 16 45 16 0;
49 16 0;
6 17 0;
14 17 0;
17 17 18 17 0;
21 17 22 17 0;
32 17 0;
34 17 0;
38 17 44 17 0;
49 17 0;
6 18 0;
14 18 0;
17 18 18 18 0;
21 18 0;
32 18 0;
34 18 0;
37 18 43 18 0;
48 18 0;
6 19 0;
15 19 0;
18 19 0;
21 19 0;
32 19 33 19 0;
37 19 42 19 0;
47 19 0;
6 20 0;
15 20 0;
20 20 21 20 0;
32 20 0;
36 20 41 20 0;
46 20 0;
6 21 0;
16 21 0;
19 21 0;
22 21 0;
31 21 0;
36 21 40 21 0;
45 21 0;
6 22 0;
16 22 0;
18 22 0;
23 22 0;
30 22 0;
35 22 39 22 0;
44 22 0;
7 23 0;
16 23 17 23 0;
24 23 25 23 0;
29 23 0;
35 23 37 23 0;
42 23 43 23 0;
7 24 0;
15 24 0;
17 24 18 24 0;
26 24 28 24 0;
35 24 36 24 0;
40 24 41 24 0;
6 25 0;
8 25 0;
14 25 0;
17 25 19 25 0;
39 25 42 25 0;
6 26 0;
9 26 0;
14 26 0;
16 26 0;
18 26 0;
20 26 0;
29 26 32 26 0;
37 26 38 26 0;
40 26 0;
43 26 0;
5 27 0;
10 27 0;
13 27 0;
16 27 0;
18 27 20 27 0;
27 27 31 27 0;
37 27 0;
41 27 0;
44 27 45 27 0;
5 28 0;
13 28 0;
16 28 0;
19 28 20 28 0;
26 28 27 28 0;
29 28 31 28 0;
36 28 0;
42 28 0;
46 28 0;
5 29 0;
13 29 0;
16 29 0;
26 29 30 29 0;
36 29 0;
42 29 0;
47 29 0;
5 30 0;
12 30 0;
17 30 0;
27 30 29 30 0;
35 30 0;
43 30 0;
48 30 0;
5 31 0;
12 31 0;
17 31 0;
34 31 0;
43 31 0;
48 31 0;
6 32 0;
12 32 0;
18 32 0;
21 32 22 32 0;
33 32 0;
43 32 0;
48 32 0;
6 33 0;
12 33 0;
19 33 0;
26 33 0;
31 33 32 33 0;
43 33 0;
48 33 0;
7 34 0;
12 34 0;
20 34 21 34 0;
25 34 0;
28 34 30 34 0;
42 34 0;
47 34 0;
7 35 0;
12 35 0;
22 35 27 35 0;
42 35 0;
46 35 0;
8 36 0;
13 36 0;
46 36 0;
9 37 0;
13 37 0;
41 37 0;
46 37 0;
10 38 0;
12 38 0;
14 38 0;
41 38 0;
46 38 0;
11 39 0;
15 39 0;
40 39 0;
47 39 0;
10 40 0;
16 40 0;
39 40 0;
48 40 0;
8 41 9 41 0;
17 41 0;
37 41 39 41 0;
48 41 0;
7 42 0;
18 42 0;
35 42 36 42 0;
39 42 0;
48 42 0;
6 43 0;
19 43 20 43 0;
30 43 35 43 0;
39 43 0;
47 43 0;
5 44 0;
20 44 22 44 0;
27 44 29 44 0;
35 44 0;
39 44 0;
46 44 0;
5 45 0;
7 45 0;
17 45 19 45 0;
23 45 26 45 0;
35 45 0;
38 45 0;
44 45 45 45 0;
5 46 6 46 0;
10 46 0;
13 46 16 46 0;
26 46 0;
35 46 0;
37 46 0;
39 46 43 46 0;
6 47 12 47 0;
25 47 0;
34 47 0;
37 47 0;
25 48 0;
34 48 0;
36 48 0;
24 49 0;
33 49 35 49 0;
24 50 0;
27 50 0;
30 50 0;
32 50 0;
25 51 31 51 0;
