137 Porygon;
6;
38 6 0;
37 7 0;
39 7 0;
17 8 24 8 0;
37 8 0;
39 8 0;
15 9 16 9 0;
25 9 0;
37 9 0;
39 9 0;
14 10 0;
16 10 0;
25 10 26 10 0;
36 10 0;
39 10 0;
13 11 0;
15 11 0;
25 11 0;
27 11 0;
36 11 0;
39 11 0;
12 12 0;
15 12 0;
25 12 0;
28 12 0;
36 12 0;
38 12 39 12 0;
12 13 0;
14 13 0;
29 13 0;
35 13 0;
38 13 39 13 0;
11 14 0;
13 14 15 14 0;
24 14 26 14 0;
30 14 0;
35 14 0;
38 14 39 14 0;
11 15 12 15 0;
16 15 0;
23 15 0;
27 15 0;
30 15 0;
35 15 0;
38 15 39 15 0;
10 16 11 16 0;
17 16 0;
22 16 0;
28 16 0;
31 16 0;
34 16 0;
38 16 39 16 0;
10 17 11 17 0;
14 17 15 17 0;
17 17 0;
22 17 0;
24 17 25 17 0;
28 17 0;
31 17 0;
34 17 0;
38 17 39 17 0;
10 18 11 18 0;
14 18 15 18 0;
17 18 0;
22 18 0;
24 18 25 18 0;
28 18 0;
31 18 0;
34 18 0;
37 18 39 18 0;
10 19 0;
12 19 0;
16 19 0;
23 19 0;
27 19 0;
29 19 0;
31 19 0;
33 19 0;
37 19 39 19 0;
10 20 0;
13 20 15 20 0;
24 20 26 20 0;
30 20 31 20 0;
33 20 0;
37 20 39 20 0;
11 21 0;
14 21 0;
25 21 0;
30 21 31 21 0;
33 21 0;
37 21 39 21 0;
11 22 0;
15 22 0;
24 22 0;
30 22 33 22 0;
37 22 39 22 0;
11 23 0;
16 23 0;
23 23 0;
29 23 35 23 0;
37 23 38 23 0;
12 24 0;
16 24 23 24 0;
29 24 32 24 0;
35 24 38 24 0;
12 25 0;
14 25 15 25 0;
24 25 25 25 0;
28 25 31 25 0;
37 25 38 25 0;
12 26 13 26 0;
25 26 26 26 0;
28 26 31 26 0;
38 26 0;
12 27 13 27 0;
25 27 29 27 0;
31 27 0;
39 27 0;
11 28 0;
13 28 0;
25 28 28 28 0;
32 28 0;
39 28 0;
11 29 0;
13 29 0;
25 29 28 29 0;
32 29 0;
40 29 0;
10 30 0;
13 30 0;
25 30 27 30 0;
33 30 0;
40 30 0;
9 31 10 31 0;
14 31 0;
24 31 27 31 0;
32 31 33 31 0;
41 31 0;
9 32 0;
11 32 0;
14 32 0;
24 32 26 32 0;
31 32 34 32 0;
40 32 42 32 0;
9 33 0;
12 33 0;
14 33 0;
24 33 26 33 0;
30 33 33 33 0;
35 33 0;
40 33 0;
43 33 45 33 0;
8 34 0;
13 34 15 34 0;
23 34 25 34 0;
29 34 34 34 0;
36 34 0;
40 34 0;
46 34 48 34 0;
8 35 0;
14 35 15 35 0;
23 35 25 35 0;
28 35 34 35 0;
37 35 0;
40 35 0;
48 35 49 35 0;
7 36 0;
15 36 0;
23 36 24 36 0;
27 36 34 36 0;
38 36 39 36 0;
48 36 49 36 0;
8 37 0;
16 37 0;
22 37 24 37 0;
26 37 34 37 0;
37 37 39 37 0;
47 37 49 37 0;
8 38 9 38 0;
15 38 23 38 0;
25 38 33 38 0;
36 38 37 38 0;
39 38 0;
47 38 49 38 0;
9 39 10 39 0;
14 39 16 39 0;
22 39 32 39 0;
35 39 36 39 0;
39 39 0;
47 39 49 39 0;
8 40 13 40 0;
17 40 23 40 0;
27 40 31 40 0;
34 40 35 40 0;
38 40 0;
47 40 49 40 0;
8 41 0;
10 41 12 41 0;
28 41 30 41 0;
33 41 34 41 0;
38 41 0;
46 41 49 41 0;
7 42 0;
11 42 12 42 0;
28 42 29 42 0;
32 42 33 42 0;
38 42 0;
46 42 49 42 0;
7 43 0;
12 43 14 43 0;
26 43 28 43 0;
31 43 32 43 0;
38 43 0;
46 43 49 43 0;
6 44 0;
13 44 27 44 0;
30 44 31 44 0;
37 44 0;
46 44 48 44 0;
6 45 0;
13 45 26 45 0;
29 45 30 45 0;
37 45 0;
45 45 48 45 0;
6 46 0;
12 46 16 46 0;
28 46 29 46 0;
37 46 47 46 0;
6 47 14 47 0;
17 47 28 47 0;
38 47 47 47 0;
6 48 13 48 0;
39 48 46 48 0;
7 49 12 49 0;
40 49 46 49 0;
