138 Omanyte;
2;
28 14 34 14 0;
24 15 29 15 0;
33 15 0;
35 15 36 15 0;
23 16 0;
30 16 31 16 0;
34 16 0;
37 16 38 16 0;
22 17 26 17 0;
32 17 0;
34 17 0;
38 17 39 17 0;
21 18 0;
27 18 29 18 0;
33 18 0;
35 18 0;
38 18 0;
40 18 0;
20 19 0;
30 19 0;
33 19 0;
35 19 0;
38 19 0;
40 19 41 19 0;
19 20 0;
21 20 26 20 0;
31 20 0;
34 20 35 20 0;
37 20 0;
40 20 41 20 0;
18 21 0;
20 21 0;
27 21 28 21 0;
32 21 0;
34 21 35 21 0;
37 21 0;
40 21 0;
42 21 0;
18 22 19 22 0;
29 22 30 22 0;
32 22 0;
34 22 0;
36 22 0;
39 22 0;
42 22 0;
18 23 0;
20 23 25 23 0;
31 23 0;
33 23 38 23 0;
41 23 43 23 0;
17 24 0;
19 24 0;
26 24 27 24 0;
32 24 34 24 0;
37 24 40 24 0;
43 24 0;
17 25 18 25 0;
28 25 29 25 0;
33 25 34 25 0;
37 25 38 25 0;
43 25 0;
17 26 0;
30 26 0;
32 26 33 26 0;
36 26 37 26 0;
39 26 0;
42 26 43 26 0;
17 27 0;
19 27 26 27 0;
31 27 32 27 0;
35 27 37 27 0;
39 27 41 27 0;
43 27 0;
17 28 18 28 0;
27 28 28 28 0;
31 28 32 28 0;
35 28 0;
39 28 0;
42 28 43 28 0;
17 29 0;
29 29 32 29 0;
35 29 0;
37 29 39 29 0;
42 29 0;
17 30 0;
31 30 32 30 0;
35 30 38 30 0;
40 30 42 30 0;
17 31 0;
19 31 26 31 0;
32 31 33 31 0;
35 31 0;
38 31 0;
42 31 0;
18 32 27 32 0;
32 32 36 32 0;
39 32 41 32 0;
18 33 30 33 0;
32 33 38 33 0;
40 33 0;
18 34 0;
21 34 26 34 0;
29 34 39 34 0;
17 35 0;
20 35 0;
22 35 25 35 0;
27 35 0;
30 35 37 35 0;
15 36 17 36 0;
20 36 0;
22 36 25 36 0;
27 36 0;
30 36 0;
32 36 36 36 0;
14 37 0;
18 37 0;
20 37 0;
22 37 0;
25 37 0;
27 37 0;
29 37 0;
36 37 0;
13 38 0;
18 38 21 38 0;
26 38 28 38 0;
37 38 0;
13 39 0;
16 39 0;
31 39 32 39 0;
38 39 0;
13 40 0;
17 40 0;
33 40 34 40 0;
38 40 0;
14 41 0;
17 41 0;
32 41 0;
38 41 0;
15 42 16 42 0;
19 42 0;
23 42 0;
27 42 0;
30 42 0;
32 42 0;
37 42 0;
15 43 0;
18 43 0;
21 43 22 43 0;
24 43 25 43 0;
28 43 0;
31 43 0;
33 43 36 43 0;
14 44 0;
17 44 0;
20 44 0;
26 44 0;
29 44 0;
32 44 0;
35 44 0;
15 45 16 45 0;
18 45 19 45 0;
27 45 28 45 0;
30 45 31 45 0;
33 45 34 45 0;
