139 Omastar;
2;
30 4 31 4 0;
29 5 0;
32 5 0;
41 5 0;
21 6 23 6 0;
29 6 0;
33 6 0;
40 6 0;
42 6 0;
21 7 0;
24 7 0;
29 7 0;
34 7 36 7 0;
39 7 0;
42 7 0;
21 8 0;
25 8 0;
28 8 34 8 0;
37 8 38 8 0;
42 8 0;
22 9 0;
26 9 0;
35 9 0;
38 9 40 9 0;
42 9 0;
21 10 22 10 0;
27 10 0;
30 10 32 10 0;
36 10 0;
39 10 0;
41 10 42 10 0;
20 11 0;
22 11 0;
28 11 0;
33 11 0;
37 11 0;
40 11 0;
42 11 0;
19 12 21 12 0;
23 12 0;
28 12 0;
34 12 0;
37 12 0;
40 12 0;
42 12 43 12 0;
18 13 0;
23 13 0;
28 13 0;
30 13 31 13 0;
35 13 0;
38 13 0;
40 13 0;
42 13 0;
44 13 0;
17 14 0;
24 14 0;
27 14 0;
32 14 0;
35 14 0;
38 14 0;
40 14 0;
42 14 0;
44 14 0;
9 15 10 15 0;
17 15 0;
19 15 26 15 0;
33 15 0;
36 15 0;
39 15 0;
41 15 0;
44 15 45 15 0;
8 16 0;
11 16 0;
16 16 0;
18 16 0;
27 16 29 16 0;
34 16 0;
36 16 0;
39 16 0;
41 16 0;
44 16 45 16 0;
8 17 0;
12 17 0;
16 17 17 17 0;
19 17 20 17 0;
30 17 0;
35 17 36 17 0;
38 17 0;
40 17 0;
43 17 0;
45 17 0;
8 18 0;
13 18 0;
15 18 0;
19 18 0;
21 18 0;
31 18 0;
35 18 39 18 0;
41 18 42 18 0;
45 18 0;
8 19 0;
13 19 0;
15 19 0;
19 19 0;
22 19 25 19 0;
32 19 0;
34 19 0;
36 19 0;
38 19 0;
40 19 0;
44 19 0;
46 19 0;
8 20 0;
14 20 0;
18 20 19 20 0;
23 20 0;
26 20 28 20 0;
33 20 35 20 0;
38 20 0;
40 20 43 20 0;
46 20 0;
8 21 9 21 0;
14 21 0;
16 21 17 21 0;
19 21 0;
24 21 0;
29 21 30 21 0;
34 21 0;
36 21 0;
39 21 0;
41 21 0;
45 21 0;
9 22 0;
14 22 15 22 0;
20 22 0;
25 22 0;
31 22 0;
34 22 0;
37 22 38 22 0;
42 22 44 22 0;
46 22 0;
9 23 0;
14 23 0;
20 23 0;
25 23 0;
32 23 37 23 0;
39 23 42 23 0;
45 23 46 23 0;
9 24 0;
14 24 0;
17 24 20 24 0;
25 24 26 24 0;
33 24 0;
36 24 0;
39 24 0;
42 24 46 24 0;
10 25 0;
14 25 16 25 0;
21 25 0;
24 25 0;
27 25 28 25 0;
33 25 0;
36 25 0;
39 25 0;
42 25 0;
45 25 0;
7 26 0;
10 26 0;
15 26 18 26 0;
22 26 23 26 0;
29 26 32 26 0;
35 26 36 26 0;
40 26 41 26 0;
45 26 0;
6 27 7 27 0;
10 27 0;
16 27 0;
19 27 0;
26 27 28 27 0;
33 27 0;
37 27 39 27 0;
45 27 0;
5 28 0;
7 28 0;
10 28 0;
15 28 0;
17 28 0;
20 28 25 28 0;
27 28 0;
30 28 0;
34 28 0;
36 28 0;
38 28 39 28 0;
45 28 0;
4 29 0;
7 29 0;
11 29 0;
15 29 0;
17 29 0;
20 29 0;
27 29 0;
30 29 0;
34 29 35 29 0;
40 29 0;
44 29 0;
4 30 0;
7 30 0;
11 30 0;
15 30 0;
17 30 0;
20 30 21 30 0;
26 30 27 30 0;
30 30 0;
34 30 0;
41 30 0;
44 30 0;
4 31 0;
8 31 0;
11 31 0;
16 31 0;
19 31 20 31 0;
22 31 26 31 0;
28 31 0;
33 31 0;
42 31 0;
44 31 0;
4 32 0;
9 32 11 32 0;
17 32 18 32 0;
29 32 32 32 0;
43 32 0;
4 33 0;
12 33 0;
20 33 28 33 0;
43 33 0;
5 34 0;
12 34 0;
19 34 0;
22 34 25 34 0;
29 34 30 34 0;
44 34 0;
6 35 7 35 0;
12 35 0;
18 35 0;
23 35 24 35 0;
31 35 0;
44 35 0;
5 36 0;
8 36 9 36 0;
11 36 12 36 0;
17 36 0;
23 36 0;
31 36 0;
44 36 0;
4 37 0;
8 37 0;
10 37 0;
12 37 0;
17 37 18 37 0;
23 37 0;
31 37 32 37 0;
38 37 0;
44 37 0;
4 38 0;
9 38 0;
13 38 0;
17 38 19 38 0;
23 38 0;
29 38 32 38 0;
38 38 0;
44 38 45 38 0;
49 38 0;
4 39 0;
13 39 0;
17 39 0;
20 39 29 39 0;
32 39 0;
37 39 0;
44 39 0;
46 39 0;
48 39 0;
50 39 0;
5 40 0;
13 40 0;
18 40 0;
23 40 0;
31 40 0;
37 40 0;
43 40 0;
46 40 0;
48 40 0;
50 40 0;
6 41 7 41 0;
12 41 13 41 0;
18 41 0;
23 41 0;
31 41 0;
37 41 0;
42 41 0;
46 41 48 41 0;
50 41 0;
8 42 11 42 0;
13 42 0;
19 42 0;
23 42 0;
30 42 0;
38 42 0;
43 42 0;
47 42 48 42 0;
50 42 0;
13 43 0;
20 43 0;
24 43 0;
29 43 0;
39 43 43 43 0;
47 43 0;
50 43 0;
7 44 9 44 0;
12 44 0;
21 44 22 44 0;
24 44 25 44 0;
27 44 28 44 0;
40 44 0;
49 44 0;
6 45 0;
10 45 11 45 0;
23 45 26 45 0;
41 45 0;
48 45 0;
50 45 0;
6 46 0;
42 46 47 46 0;
50 46 0;
7 47 0;
22 47 31 47 0;
42 47 0;
50 47 0;
8 48 0;
19 48 21 48 0;
32 48 0;
42 48 0;
49 48 0;
9 49 0;
17 49 18 49 0;
31 49 0;
41 49 0;
43 49 44 49 0;
48 49 0;
10 50 0;
15 50 16 50 0;
31 50 0;
39 50 40 50 0;
45 50 47 50 0;
11 51 14 51 0;
32 51 38 51 0;
