014 Kakuna;
1;
28 9 32 9 0;
26 10 27 10 0;
33 10 34 10 0;
25 11 0;
35 11 0;
24 12 0;
36 12 0;
23 13 0;
37 13 0;
23 14 0;
38 14 0;
22 15 24 15 0;
31 15 33 15 0;
38 15 0;
22 16 25 16 0;
30 16 33 16 0;
38 16 0;
22 17 0;
24 17 25 17 0;
29 17 32 17 0;
37 17 0;
23 18 0;
25 18 0;
29 18 31 18 0;
35 18 36 18 0;
22 19 0;
24 19 0;
33 19 34 19 0;
36 19 0;
17 20 20 20 0;
22 20 0;
25 20 0;
31 20 32 20 0;
36 20 37 20 0;
16 21 0;
21 21 0;
23 21 0;
25 21 31 21 0;
35 21 38 21 0;
15 22 0;
22 22 25 22 0;
28 22 0;
32 22 0;
37 22 38 22 0;
14 23 0;
22 23 27 23 0;
33 23 0;
37 23 38 23 0;
13 24 0;
21 24 23 24 0;
25 24 26 24 0;
33 24 0;
36 24 37 24 0;
13 25 0;
19 25 22 25 0;
25 25 0;
33 25 37 25 0;
13 26 0;
18 26 0;
21 26 0;
25 26 0;
33 26 37 26 0;
12 27 0;
17 27 0;
21 27 0;
25 27 0;
32 27 37 27 0;
12 28 0;
16 28 0;
20 28 0;
25 28 0;
31 28 37 28 0;
12 29 0;
15 29 0;
20 29 0;
24 29 0;
30 29 33 29 0;
35 29 36 29 0;
12 30 0;
14 30 0;
20 30 0;
24 30 0;
29 30 32 30 0;
35 30 36 30 0;
12 31 13 31 0;
20 31 0;
23 31 24 31 0;
28 31 31 31 0;
34 31 36 31 0;
12 32 0;
20 32 0;
22 32 24 32 0;
27 32 31 32 0;
34 32 35 32 0;
20 33 24 33 0;
26 33 30 33 0;
32 33 35 33 0;
21 34 22 34 0;
24 34 25 34 0;
27 34 29 34 0;
32 34 35 34 0;
21 35 0;
24 35 0;
27 35 28 35 0;
31 35 34 35 0;
21 36 0;
24 36 0;
28 36 34 36 0;
21 37 0;
23 37 0;
26 37 27 37 0;
29 37 33 37 0;
22 38 23 38 0;
25 38 0;
29 38 34 38 0;
22 39 0;
24 39 0;
29 39 34 39 0;
23 40 0;
30 40 33 40 0;
24 41 0;
29 41 34 41 0;
24 42 0;
28 42 0;
32 42 34 42 0;
25 43 26 43 0;
28 43 0;
33 43 34 43 0;
27 44 28 44 0;
33 44 34 44 0;
29 45 0;
33 45 34 45 0;
30 46 33 46 0;
