140 Kabuto;
7;
29 11 31 11 0;
34 11 40 11 0;
26 12 28 12 0;
31 12 33 12 0;
35 12 0;
38 12 0;
41 12 42 12 0;
24 13 25 13 0;
30 13 0;
34 13 0;
37 13 0;
42 13 43 13 0;
22 14 23 14 0;
36 14 0;
41 14 0;
43 14 0;
20 15 21 15 0;
40 15 0;
44 15 0;
19 16 0;
39 16 0;
44 16 45 16 0;
18 17 0;
43 17 0;
46 17 0;
17 18 0;
42 18 0;
46 18 0;
16 19 0;
46 19 0;
15 20 0;
45 20 0;
47 20 0;
14 21 0;
44 21 0;
47 21 0;
14 22 0;
47 22 0;
13 23 0;
16 23 18 23 0;
47 23 0;
13 24 0;
15 24 19 24 0;
47 24 0;
13 25 0;
15 25 16 25 0;
18 25 19 25 0;
47 25 0;
10 26 12 26 0;
15 26 19 26 0;
47 26 0;
9 27 0;
12 27 0;
16 27 18 27 0;
46 27 0;
9 28 0;
12 28 0;
46 28 0;
8 29 0;
12 29 0;
46 29 0;
8 30 0;
12 30 0;
45 30 0;
8 31 0;
12 31 13 31 0;
28 31 32 31 0;
45 31 0;
8 32 0;
12 32 13 32 0;
28 32 0;
30 32 32 32 0;
44 32 0;
8 33 0;
12 33 0;
14 33 0;
29 33 32 33 0;
44 33 0;
8 34 0;
12 34 0;
14 34 0;
43 34 0;
9 35 0;
12 35 0;
15 35 0;
42 35 0;
9 36 0;
12 36 0;
16 36 0;
41 36 42 36 0;
10 37 0;
13 37 0;
17 37 0;
40 37 0;
43 37 0;
10 38 0;
13 38 0;
18 38 19 38 0;
38 38 39 38 0;
43 38 0;
11 39 0;
14 39 0;
20 39 21 39 0;
36 39 37 39 0;
43 39 0;
12 40 14 40 0;
22 40 24 40 0;
33 40 36 40 0;
42 40 0;
25 41 35 41 0;
41 41 0;
33 42 0;
40 42 0;
32 43 0;
38 43 39 43 0;
30 44 31 44 0;
36 44 37 44 0;
29 45 0;
34 45 35 45 0;
29 46 33 46 0;
