141 Kabutops;
7;
9 6 11 6 0;
41 6 43 6 0;
9 7 0;
12 7 13 7 0;
39 7 40 7 0;
43 7 0;
9 8 0;
14 8 15 8 0;
22 8 31 8 0;
37 8 38 8 0;
43 8 0;
9 9 0;
16 9 17 9 0;
21 9 0;
32 9 0;
35 9 36 9 0;
43 9 0;
10 10 0;
18 10 20 10 0;
32 10 34 10 0;
42 10 0;
10 11 0;
20 11 0;
32 11 0;
42 11 0;
10 12 0;
20 12 0;
32 12 0;
42 12 0;
10 13 0;
20 13 0;
32 13 0;
42 13 0;
46 13 47 13 0;
11 14 0;
20 14 0;
32 14 0;
41 14 0;
45 14 0;
48 14 0;
11 15 0;
20 15 0;
32 15 0;
41 15 0;
45 15 0;
49 15 0;
11 16 0;
20 16 0;
32 16 0;
41 16 0;
44 16 0;
49 16 0;
11 17 0;
19 17 0;
21 17 0;
31 17 0;
33 17 0;
41 17 0;
44 17 0;
50 17 0;
12 18 0;
18 18 0;
21 18 0;
31 18 0;
34 18 0;
40 18 0;
43 18 0;
48 18 0;
50 18 0;
12 19 0;
18 19 0;
21 19 0;
31 19 0;
34 19 0;
40 19 0;
43 19 0;
48 19 0;
50 19 0;
12 20 0;
18 20 0;
20 20 21 20 0;
31 20 32 20 0;
34 20 0;
40 20 0;
42 20 0;
45 20 0;
48 20 0;
50 20 0;
13 21 0;
18 21 0;
20 21 21 21 0;
31 21 32 21 0;
34 21 0;
39 21 0;
42 21 0;
44 21 45 21 0;
48 21 0;
50 21 0;
7 22 8 22 0;
13 22 0;
19 22 0;
22 22 0;
30 22 0;
33 22 0;
39 22 0;
41 22 0;
44 22 45 22 0;
48 22 0;
50 22 0;
6 23 0;
9 23 0;
14 23 0;
20 23 0;
22 23 0;
30 23 0;
32 23 0;
38 23 0;
41 23 0;
43 23 0;
45 23 0;
48 23 0;
50 23 0;
5 24 0;
9 24 0;
15 24 0;
21 24 22 24 0;
30 24 31 24 0;
37 24 0;
39 24 41 24 0;
43 24 0;
45 24 0;
50 24 0;
5 25 0;
10 25 0;
16 25 17 25 0;
23 25 0;
29 25 0;
35 25 38 25 0;
42 25 0;
44 25 0;
47 25 0;
49 25 0;
4 26 0;
8 26 0;
11 26 0;
16 26 0;
18 26 19 26 0;
23 26 0;
29 26 0;
33 26 34 26 0;
39 26 41 26 0;
44 26 0;
47 26 0;
49 26 0;
4 27 0;
8 27 9 27 0;
12 27 0;
15 27 0;
20 27 21 27 0;
24 27 0;
28 27 0;
31 27 32 27 0;
35 27 39 27 0;
44 27 0;
49 27 0;
4 28 0;
8 28 0;
10 28 0;
13 28 0;
15 28 0;
19 28 0;
22 28 24 28 0;
28 28 37 28 0;
43 28 0;
46 28 0;
48 28 0;
4 29 0;
10 29 11 29 0;
14 29 0;
18 29 19 29 0;
25 29 30 29 0;
34 29 36 29 0;
43 29 0;
48 29 0;
4 30 0;
7 30 0;
10 30 0;
14 30 0;
18 30 20 30 0;
33 30 35 30 0;
43 30 0;
47 30 0;
4 31 0;
7 31 0;
9 31 0;
11 31 13 31 0;
17 31 0;
19 31 20 31 0;
22 31 25 31 0;
27 31 0;
29 31 33 31 0;
42 31 0;
47 31 0;
4 32 0;
9 32 0;
12 32 0;
17 32 0;
20 32 21 32 0;
33 32 34 32 0;
42 32 0;
46 32 0;
4 33 0;
9 33 0;
13 33 0;
16 33 0;
19 33 21 33 0;
26 33 0;
28 33 0;
33 33 35 33 0;
41 33 0;
46 33 0;
4 34 0;
9 34 0;
13 34 0;
16 34 0;
22 34 25 34 0;
29 34 33 34 0;
40 34 0;
45 34 0;
5 35 0;
10 35 0;
14 35 15 35 0;
22 35 24 35 0;
30 35 32 35 0;
34 35 37 35 0;
39 35 0;
44 35 0;
5 36 0;
10 36 0;
18 36 24 36 0;
30 36 31 36 0;
38 36 0;
42 36 43 36 0;
5 37 0;
10 37 0;
16 37 17 37 0;
23 37 25 37 0;
29 37 31 37 0;
36 37 37 37 0;
40 37 41 37 0;
6 38 0;
10 38 0;
14 38 15 38 0;
24 38 25 38 0;
29 38 32 38 0;
38 38 39 38 0;
42 38 0;
6 39 0;
11 39 0;
13 39 0;
21 39 23 39 0;
25 39 26 39 0;
28 39 29 39 0;
33 39 34 39 0;
42 39 0;
7 40 0;
11 40 0;
13 40 0;
18 40 20 40 0;
25 40 29 40 0;
35 40 37 40 0;
41 40 0;
7 41 0;
11 41 0;
14 41 17 41 0;
25 41 29 41 0;
36 41 0;
38 41 41 41 0;
8 42 0;
12 42 0;
14 42 0;
17 42 0;
26 42 28 42 0;
35 42 0;
40 42 0;
9 43 0;
12 43 0;
15 43 0;
17 43 0;
26 43 28 43 0;
34 43 38 43 0;
10 44 0;
13 44 0;
15 44 0;
18 44 0;
26 44 28 44 0;
33 44 0;
38 44 39 44 0;
11 45 0;
14 45 15 45 0;
18 45 0;
27 45 0;
34 45 35 45 0;
40 45 44 45 0;
12 46 13 46 0;
16 46 0;
18 46 0;
27 46 0;
36 46 37 46 0;
42 46 0;
45 46 0;
14 47 15 47 0;
18 47 19 47 0;
38 47 39 47 0;
43 47 44 47 0;
10 48 13 48 0;
16 48 0;
20 48 0;
40 48 0;
43 48 0;
9 49 0;
13 49 0;
15 49 16 49 0;
18 49 19 49 0;
41 49 42 49 0;
10 50 11 50 0;
14 50 0;
17 50 18 50 0;
11 51 13 51 0;
