142 Aerodactyl;
3;
9 2 0;
8 3 0;
10 3 0;
31 3 41 3 0;
7 4 0;
10 4 0;
32 4 0;
40 4 0;
7 5 0;
11 5 0;
33 5 0;
40 5 43 5 0;
6 6 0;
11 6 0;
34 6 0;
38 6 39 6 0;
44 6 45 6 0;
6 7 0;
12 7 0;
35 7 0;
37 7 0;
40 7 42 7 0;
46 7 47 7 0;
5 8 0;
12 8 0;
36 8 0;
43 8 44 8 0;
48 8 0;
5 9 0;
13 9 0;
45 9 0;
49 9 0;
5 10 0;
13 10 0;
45 10 0;
49 10 0;
4 11 0;
14 11 0;
36 11 0;
43 11 44 11 0;
48 11 0;
4 12 0;
15 12 0;
35 12 0;
37 12 0;
40 12 42 12 0;
48 12 0;
4 13 0;
11 13 0;
16 13 0;
34 13 0;
37 13 39 13 0;
47 13 0;
3 14 0;
10 14 0;
17 14 18 14 0;
29 14 33 14 0;
37 14 0;
46 14 0;
3 15 4 15 0;
9 15 0;
19 15 25 15 0;
27 15 28 15 0;
32 15 0;
45 15 0;
2 16 3 16 0;
8 16 0;
23 16 0;
26 16 0;
44 16 0;
1 17 0;
4 17 0;
22 17 23 17 0;
27 17 0;
42 17 43 17 0;
0 18 0;
3 18 0;
5 18 0;
7 18 0;
11 18 12 18 0;
20 18 21 18 0;
23 18 0;
28 18 0;
40 18 41 18 0;
0 19 0;
2 19 0;
4 19 5 19 0;
7 19 8 19 0;
10 19 0;
13 19 0;
19 19 0;
23 19 0;
39 19 0;
1 20 0;
3 20 0;
5 20 0;
7 20 0;
9 20 10 20 0;
14 20 0;
18 20 0;
39 20 0;
1 21 2 21 0;
6 21 0;
10 21 0;
15 21 0;
17 21 0;
26 21 27 21 0;
39 21 0;
11 22 0;
14 22 0;
16 22 17 22 0;
23 22 25 22 0;
28 22 0;
40 22 0;
11 23 0;
15 23 0;
21 23 22 23 0;
28 23 0;
40 23 0;
11 24 12 24 0;
18 24 20 24 0;
27 24 0;
40 24 0;
10 25 0;
25 25 26 25 0;
39 25 0;
9 26 0;
24 26 0;
39 26 0;
9 27 0;
18 27 0;
23 27 0;
39 27 0;
4 28 6 28 0;
9 28 0;
17 28 18 28 0;
22 28 0;
38 28 0;
41 28 42 28 0;
3 29 0;
7 29 8 29 0;
12 29 0;
16 29 0;
19 29 0;
21 29 0;
31 29 33 29 0;
38 29 0;
40 29 0;
43 29 0;
2 30 0;
12 30 0;
15 30 16 30 0;
19 30 0;
21 30 0;
34 30 35 30 0;
38 30 39 30 0;
43 30 0;
2 31 0;
7 31 9 31 0;
13 31 14 31 0;
16 31 0;
21 31 0;
36 31 38 31 0;
41 31 0;
43 31 0;
2 32 0;
7 32 8 32 0;
15 32 18 32 0;
22 32 0;
24 32 0;
38 32 40 32 0;
44 32 0;
1 33 0;
23 33 0;
25 33 0;
41 33 47 33 0;
1 34 0;
23 34 0;
26 34 0;
45 34 0;
47 34 0;
1 35 0;
8 35 14 35 0;
18 35 0;
23 35 0;
27 35 0;
45 35 46 35 0;
2 36 0;
5 36 12 36 0;
15 36 17 36 0;
23 36 0;
28 36 0;
46 36 0;
2 37 0;
4 37 0;
8 37 0;
10 37 0;
16 37 0;
23 37 0;
28 37 0;
46 37 0;
3 38 0;
7 38 9 38 0;
13 38 15 38 0;
22 38 0;
28 38 0;
46 38 0;
6 39 0;
8 39 0;
13 39 0;
15 39 0;
21 39 0;
28 39 0;
47 39 0;
5 40 7 40 0;
14 40 0;
19 40 20 40 0;
28 40 0;
42 40 0;
47 40 0;
4 41 0;
6 41 0;
11 41 13 41 0;
17 41 18 41 0;
28 41 0;
42 41 0;
48 41 0;
1 42 0;
3 42 5 42 0;
11 42 0;
13 42 0;
16 42 0;
22 42 23 42 0;
27 42 0;
34 42 0;
41 42 0;
49 42 0;
0 43 0;
2 43 0;
4 43 5 43 0;
12 43 0;
15 43 0;
21 43 0;
24 43 26 43 0;
32 43 33 43 0;
40 43 0;
50 43 0;
0 44 0;
3 44 4 44 0;
9 44 12 44 0;
14 44 0;
20 44 0;
22 44 25 44 0;
30 44 31 44 0;
38 44 39 44 0;
51 44 0;
1 45 0;
3 45 4 45 0;
9 45 0;
11 45 0;
14 45 0;
20 45 21 45 0;
23 45 0;
26 45 0;
36 45 37 45 0;
52 45 0;
1 46 4 46 0;
9 46 10 46 0;
13 46 0;
22 46 0;
24 46 25 46 0;
27 46 29 46 0;
53 46 0;
1 47 0;
4 47 0;
8 47 0;
10 47 0;
13 47 0;
21 47 0;
23 47 0;
26 47 0;
30 47 31 47 0;
54 47 0;
2 48 0;
5 48 7 48 0;
9 48 0;
12 48 0;
21 48 22 48 0;
24 48 25 48 0;
32 48 34 48 0;
3 49 0;
7 49 8 49 0;
12 49 0;
23 49 0;
35 49 37 49 0;
53 49 54 49 0;
4 50 5 50 0;
10 50 11 50 0;
38 50 41 50 0;
51 50 52 50 0;
6 51 9 51 0;
42 51 50 51 0;
