143 Snorlax;
7;
30 1 0;
29 2 31 2 0;
12 3 0;
29 3 32 3 0;
11 4 0;
13 4 0;
28 4 31 4 0;
33 4 0;
10 5 0;
13 5 0;
16 5 0;
28 5 30 5 0;
34 5 0;
9 6 0;
13 6 0;
15 6 0;
17 6 0;
27 6 30 6 0;
35 6 0;
8 7 0;
13 7 14 7 0;
17 7 0;
27 7 29 7 0;
36 7 0;
7 8 0;
9 8 10 8 0;
12 8 13 8 0;
17 8 0;
21 8 0;
26 8 38 8 0;
5 9 6 9 0;
14 9 0;
17 9 0;
19 9 20 9 0;
22 9 0;
25 9 28 9 0;
35 9 40 9 0;
4 10 0;
16 10 18 10 0;
22 10 0;
24 10 26 10 0;
37 10 42 10 0;
3 11 0;
22 11 23 11 0;
31 11 32 11 0;
38 11 43 11 0;
3 12 0;
18 12 0;
21 12 25 12 0;
33 12 34 12 0;
39 12 44 12 0;
2 13 0;
8 13 11 13 0;
21 13 27 13 0;
35 13 0;
39 13 45 13 0;
2 14 0;
7 14 12 14 0;
21 14 28 14 0;
36 14 0;
39 14 46 14 0;
1 15 0;
6 15 9 15 0;
12 15 13 15 0;
20 15 29 15 0;
33 15 0;
39 15 40 15 0;
44 15 54 15 0;
1 16 0;
6 16 9 16 0;
12 16 13 16 0;
19 16 30 16 0;
32 16 0;
34 16 0;
45 16 52 16 0;
54 16 0;
1 17 0;
6 17 13 17 0;
19 17 28 17 0;
31 17 0;
33 17 34 17 0;
41 17 0;
46 17 51 17 0;
53 17 0;
1 18 0;
6 18 12 18 0;
19 18 29 18 0;
31 18 0;
35 18 0;
42 18 0;
47 18 50 18 0;
53 18 0;
1 19 0;
7 19 11 19 0;
18 19 21 19 0;
23 19 27 19 0;
30 19 0;
36 19 0;
39 19 40 19 0;
43 19 0;
47 19 49 19 0;
52 19 0;
1 20 0;
18 20 20 20 0;
24 20 0;
27 20 28 20 0;
30 20 0;
37 20 38 20 0;
40 20 0;
43 20 0;
47 20 48 20 0;
52 20 0;
2 21 0;
17 21 20 21 0;
25 21 0;
27 21 0;
29 21 0;
38 21 39 21 0;
44 21 0;
48 21 0;
51 21 0;
2 22 0;
17 22 21 22 0;
26 22 0;
39 22 0;
44 22 0;
48 22 0;
51 22 0;
3 23 0;
15 23 21 23 0;
37 23 0;
48 23 0;
50 23 0;
4 24 5 24 0;
12 24 22 24 0;
38 24 0;
48 24 0;
50 24 0;
3 25 0;
5 25 22 25 0;
39 25 0;
48 25 49 25 0;
3 26 4 26 0;
7 26 22 26 0;
39 26 0;
48 26 49 26 0;
2 27 6 27 0;
11 27 22 27 0;
40 27 0;
48 27 0;
2 28 22 28 0;
40 28 0;
47 28 0;
2 29 21 29 0;
40 29 41 29 0;
47 29 48 29 0;
2 30 21 30 0;
41 30 0;
46 30 0;
48 30 49 30 0;
2 31 21 31 0;
41 31 42 31 0;
46 31 0;
50 31 0;
2 32 20 32 0;
41 32 42 32 0;
45 32 0;
47 32 49 32 0;
2 33 20 33 0;
41 33 42 33 0;
44 33 45 33 0;
48 33 49 33 0;
3 34 20 34 0;
41 34 43 34 0;
45 34 46 34 0;
49 34 0;
3 35 16 35 0;
20 35 0;
41 35 43 35 0;
45 35 49 35 0;
3 36 14 36 0;
20 36 0;
41 36 49 36 0;
3 37 11 37 0;
15 37 0;
20 37 0;
40 37 48 37 0;
3 38 9 38 0;
16 38 0;
20 38 23 38 0;
40 38 48 38 0;
4 39 7 39 0;
19 39 20 39 0;
24 39 0;
40 39 47 39 0;
5 40 6 40 0;
24 40 0;
40 40 45 40 0;
5 41 0;
19 41 0;
23 41 25 41 0;
39 41 42 41 0;
4 42 0;
12 42 13 42 0;
20 42 0;
23 42 26 42 0;
39 42 0;
4 43 0;
10 43 15 43 0;
22 43 29 43 0;
37 43 39 43 0;
3 44 0;
10 44 12 44 0;
15 44 0;
21 44 38 44 0;
3 45 0;
9 45 12 45 0;
15 45 16 45 0;
27 45 38 45 0;
3 46 0;
9 46 16 46 0;
26 46 37 46 0;
3 47 0;
10 47 15 47 0;
22 47 0;
25 47 36 47 0;
3 48 0;
10 48 15 48 0;
22 48 35 48 0;
3 49 0;
12 49 13 49 0;
21 49 33 49 0;
4 50 0;
20 50 31 50 0;
4 51 0;
19 51 28 51 0;
5 52 0;
17 52 24 52 0;
6 53 7 53 0;
15 53 16 53 0;
8 54 14 54 0;
