144 Articuno;
3;
0 0 3 0 0;
0 1 0;
4 1 0;
48 1 49 1 0;
0 2 0;
4 2 0;
46 2 47 2 0;
0 3 0;
5 3 0;
44 3 45 3 0;
1 4 0;
5 4 0;
42 4 43 4 0;
1 5 0;
6 5 0;
40 5 41 5 0;
53 5 54 5 0;
2 6 0;
6 6 0;
38 6 39 6 0;
51 6 52 6 0;
0 7 3 7 0;
7 7 0;
26 7 31 7 0;
36 7 37 7 0;
50 7 0;
0 8 0;
3 8 0;
7 8 0;
24 8 25 8 0;
31 8 0;
34 8 35 8 0;
48 8 52 8 0;
0 9 0;
4 9 0;
8 9 0;
11 9 14 9 0;
22 9 23 9 0;
30 9 0;
33 9 0;
37 9 0;
46 9 47 9 0;
53 9 0;
0 10 0;
5 10 0;
8 10 0;
11 10 0;
15 10 16 10 0;
21 10 0;
28 10 29 10 0;
32 10 0;
35 10 36 10 0;
43 10 44 10 0;
54 10 0;
1 11 0;
9 11 0;
11 11 0;
17 11 0;
20 11 0;
25 11 27 11 0;
31 11 0;
34 11 35 11 0;
53 11 0;
2 12 0;
9 12 0;
12 12 13 12 0;
18 12 19 12 0;
22 12 27 12 0;
31 12 0;
33 12 35 12 0;
52 12 0;
1 13 3 13 0;
9 13 0;
12 13 14 13 0;
19 13 22 13 0;
28 13 30 13 0;
33 13 34 13 0;
47 13 51 13 0;
0 14 0;
3 14 4 14 0;
7 14 0;
10 14 0;
13 14 15 14 0;
19 14 0;
23 14 24 14 0;
30 14 0;
33 14 34 14 0;
37 14 0;
45 14 48 14 0;
0 15 0;
10 15 0;
13 15 16 15 0;
19 15 21 15 0;
25 15 30 15 0;
32 15 36 15 0;
49 15 0;
0 16 0;
8 16 0;
11 16 0;
13 16 16 16 0;
18 16 20 16 0;
22 16 0;
24 16 26 16 0;
30 16 0;
32 16 35 16 0;
50 16 0;
1 17 2 17 0;
12 17 15 17 0;
18 17 0;
20 17 23 17 0;
25 17 0;
30 17 0;
32 17 34 17 0;
51 17 0;
3 18 4 18 0;
9 18 0;
11 18 13 18 0;
18 18 0;
25 18 0;
29 18 0;
32 18 33 18 0;
36 18 0;
50 18 0;
2 19 0;
5 19 0;
10 19 11 19 0;
16 19 17 19 0;
24 19 0;
29 19 0;
31 19 35 19 0;
44 19 49 19 0;
1 20 0;
11 20 16 20 0;
22 20 23 20 0;
29 20 0;
31 20 34 20 0;
45 20 0;
2 21 0;
16 21 0;
21 21 0;
29 21 0;
31 21 33 21 0;
46 21 0;
3 22 5 22 0;
15 22 0;
20 22 0;
28 22 0;
31 22 32 22 0;
47 22 0;
4 23 0;
14 23 0;
20 23 0;
28 23 0;
31 23 32 23 0;
40 23 0;
47 23 0;
3 24 0;
13 24 0;
20 24 0;
27 24 0;
30 24 33 24 0;
41 24 0;
47 24 0;
3 25 0;
6 25 0;
12 25 0;
20 25 0;
26 25 0;
30 25 32 25 0;
42 25 0;
44 25 47 25 0;
4 26 5 26 0;
11 26 0;
21 26 22 26 0;
25 26 0;
29 26 31 26 0;
43 26 0;
5 27 0;
10 27 0;
24 27 0;
28 27 0;
37 27 0;
44 27 0;
6 28 7 28 0;
9 28 0;
23 28 0;
38 28 0;
44 28 46 28 0;
7 29 0;
9 29 0;
39 29 0;
44 29 0;
47 29 49 29 0;
7 30 8 30 0;
33 30 0;
39 30 43 30 0;
50 30 0;
7 31 0;
16 31 0;
34 31 0;
39 31 0;
44 31 45 31 0;
51 31 0;
7 32 0;
16 32 0;
30 32 0;
35 32 0;
39 32 0;
46 32 0;
52 32 0;
3 33 4 33 0;
7 33 0;
15 33 0;
31 33 0;
35 33 39 33 0;
47 33 0;
52 33 0;
2 34 0;
5 34 0;
8 34 0;
14 34 0;
32 34 35 34 0;
48 34 0;
53 34 0;
1 35 0;
6 35 0;
8 35 0;
13 35 0;
28 35 0;
32 35 0;
48 35 0;
53 35 0;
1 36 0;
7 36 9 36 0;
13 36 0;
29 36 32 36 0;
49 36 0;
54 36 0;
0 37 0;
8 37 11 37 0;
14 37 0;
17 37 24 37 0;
30 37 0;
49 37 0;
54 37 0;
0 38 0;
9 38 0;
12 38 16 38 0;
25 38 26 38 0;
29 38 0;
49 38 0;
54 38 0;
0 39 0;
10 39 0;
13 39 14 39 0;
27 39 29 39 0;
49 39 0;
0 40 0;
11 40 12 40 0;
30 40 0;
49 40 0;
0 41 0;
13 41 14 41 0;
18 41 25 41 0;
31 41 32 41 0;
49 41 0;
51 41 0;
0 42 0;
15 42 17 42 0;
26 42 29 42 0;
33 42 34 42 0;
48 42 0;
51 42 0;
1 43 0;
30 43 32 43 0;
35 43 36 43 0;
48 43 0;
51 43 0;
53 43 0;
1 44 0;
33 44 34 44 0;
37 44 38 44 0;
47 44 0;
53 44 0;
2 45 0;
16 45 23 45 0;
35 45 36 45 0;
39 45 41 45 0;
45 45 46 45 0;
50 45 0;
52 45 0;
3 46 4 46 0;
13 46 15 46 0;
24 46 28 46 0;
37 46 38 46 0;
42 46 44 46 0;
50 46 0;
52 46 0;
54 46 0;
5 47 12 47 0;
29 47 31 47 0;
39 47 40 47 0;
49 47 0;
52 47 0;
54 47 0;
9 48 10 48 0;
32 48 33 48 0;
41 48 42 48 0;
47 48 48 48 0;
51 48 0;
53 48 0;
8 49 0;
21 49 26 49 0;
34 49 35 49 0;
44 49 46 49 0;
50 49 0;
53 49 0;
8 50 0;
19 50 20 50 0;
27 50 29 50 0;
36 50 39 50 0;
48 50 0;
52 50 0;
7 51 0;
17 51 18 51 0;
30 51 31 51 0;
38 51 40 51 0;
42 51 46 51 0;
51 51 0;
7 52 0;
15 52 16 52 0;
32 52 34 52 0;
49 52 50 52 0;
6 53 0;
13 53 14 53 0;
35 53 37 53 0;
45 53 48 53 0;
6 54 0;
10 54 12 54 0;
38 54 44 54 0;
6 55 9 55 0;
