145 Zapdos;
5;
20 1 0;
19 2 0;
21 2 0;
19 3 0;
21 3 0;
8 4 9 4 0;
18 4 0;
21 4 0;
35 4 36 4 0;
8 5 0;
10 5 0;
15 5 0;
18 5 0;
21 5 0;
34 5 0;
36 5 0;
8 6 0;
11 6 0;
14 6 0;
16 6 0;
18 6 0;
21 6 0;
33 6 0;
35 6 0;
9 7 0;
12 7 0;
14 7 0;
17 7 0;
21 7 0;
32 7 0;
34 7 0;
51 7 53 7 0;
9 8 0;
13 8 15 8 0;
17 8 0;
21 8 0;
31 8 0;
33 8 0;
49 8 50 8 0;
53 8 0;
9 9 0;
14 9 15 9 0;
18 9 0;
21 9 0;
30 9 0;
33 9 0;
47 9 48 9 0;
52 9 0;
10 10 0;
16 10 0;
19 10 0;
21 10 0;
29 10 0;
32 10 0;
45 10 46 10 0;
51 10 0;
10 11 0;
16 11 0;
19 11 0;
21 11 0;
28 11 0;
32 11 0;
43 11 44 11 0;
50 11 0;
11 12 0;
17 12 0;
20 12 21 12 0;
27 12 0;
31 12 0;
41 12 42 12 0;
49 12 0;
7 13 8 13 0;
11 13 0;
17 13 0;
21 13 0;
26 13 0;
31 13 0;
38 13 40 13 0;
48 13 0;
7 14 11 14 0;
15 14 16 14 0;
18 14 0;
21 14 0;
25 14 0;
30 14 0;
34 14 37 14 0;
47 14 0;
8 15 12 15 0;
14 15 0;
17 15 18 15 0;
22 15 0;
24 15 0;
29 15 33 15 0;
46 15 0;
5 16 14 16 0;
18 16 0;
23 16 0;
29 16 0;
34 16 39 16 0;
45 16 0;
5 17 0;
9 17 15 17 0;
19 17 0;
31 17 33 17 0;
38 17 0;
44 17 0;
47 17 52 17 0;
6 18 0;
13 18 16 18 0;
19 18 0;
28 18 30 18 0;
36 18 37 18 0;
43 18 50 18 0;
7 19 0;
14 19 17 19 0;
20 19 0;
26 19 27 19 0;
34 19 35 19 0;
42 19 48 19 0;
8 20 0;
15 20 18 20 0;
20 20 0;
24 20 25 20 0;
32 20 33 20 0;
41 20 46 20 0;
9 21 0;
16 21 19 21 0;
23 21 26 21 0;
30 21 31 21 0;
40 21 44 21 0;
10 22 0;
17 22 0;
19 22 20 22 0;
22 22 0;
25 22 26 22 0;
32 22 0;
39 22 51 22 0;
11 23 0;
17 23 19 23 0;
21 23 23 23 0;
25 23 0;
33 23 34 23 0;
52 23 53 23 0;
9 24 12 24 0;
16 24 18 24 0;
22 24 24 24 0;
27 24 28 24 0;
35 24 0;
49 24 51 24 0;
7 25 13 25 0;
16 25 18 25 0;
23 25 0;
28 25 32 25 0;
36 25 0;
46 25 48 25 0;
9 26 13 26 0;
17 26 0;
22 26 0;
24 26 26 26 0;
29 26 0;
33 26 37 26 0;
44 26 46 26 0;
49 26 53 26 0;
10 27 11 27 0;
17 27 0;
21 27 22 27 0;
24 27 0;
27 27 28 27 0;
30 27 0;
41 27 51 27 0;
8 28 9 28 0;
16 28 0;
20 28 21 28 0;
24 28 0;
29 28 0;
38 28 49 28 0;
6 29 7 29 0;
16 29 0;
20 29 21 29 0;
23 29 0;
43 29 47 29 0;
5 30 0;
8 30 0;
15 30 0;
19 30 21 30 0;
23 30 0;
46 30 51 30 0;
6 31 0;
9 31 0;
12 31 15 31 0;
18 31 20 31 0;
22 31 0;
7 32 0;
10 32 11 32 0;
14 32 0;
18 32 19 32 0;
22 32 0;
24 32 0;
30 32 0;
46 32 51 32 0;
8 33 0;
10 33 0;
14 33 0;
17 33 0;
19 33 0;
21 33 0;
23 33 0;
25 33 0;
29 33 0;
31 33 0;
39 33 46 33 0;
8 34 0;
11 34 0;
13 34 0;
16 34 0;
19 34 0;
21 34 0;
23 34 0;
26 34 0;
29 34 0;
31 34 32 34 0;
40 34 45 34 0;
9 35 0;
11 35 0;
13 35 0;
15 35 0;
18 35 0;
21 35 0;
24 35 0;
26 35 0;
29 35 0;
31 35 33 35 0;
40 35 44 35 0;
2 36 3 36 0;
9 36 0;
12 36 0;
15 36 0;
18 36 0;
20 36 0;
24 36 0;
26 36 0;
29 36 0;
31 36 0;
34 36 0;
41 36 45 36 0;
1 37 0;
4 37 5 37 0;
10 37 0;
12 37 0;
14 37 0;
18 37 0;
20 37 21 37 0;
25 37 0;
27 37 0;
29 37 0;
31 37 0;
35 37 0;
41 37 0;
43 37 46 37 0;
2 38 3 38 0;
6 38 7 38 0;
11 38 0;
13 38 0;
17 38 22 38 0;
25 38 0;
27 38 28 38 0;
31 38 0;
36 38 0;
41 38 0;
45 38 47 38 0;
4 39 5 39 0;
8 39 9 39 0;
11 39 0;
13 39 0;
16 39 0;
19 39 21 39 0;
23 39 0;
26 39 0;
28 39 0;
30 39 31 39 0;
37 39 0;
42 39 0;
6 40 7 40 0;
10 40 0;
12 40 0;
14 40 15 40 0;
18 40 20 40 0;
23 40 0;
26 40 0;
28 40 0;
30 40 0;
38 40 0;
42 40 0;
8 41 9 41 0;
12 41 0;
14 41 0;
17 41 0;
22 41 23 41 0;
26 41 0;
30 41 0;
39 41 0;
42 41 0;
10 42 0;
16 42 0;
21 42 0;
27 42 0;
29 42 31 42 0;
40 42 0;
43 42 0;
11 43 0;
14 43 15 43 0;
20 43 0;
22 43 0;
27 43 0;
29 43 30 43 0;
32 43 0;
41 43 0;
43 43 0;
12 44 0;
14 44 0;
19 44 0;
22 44 0;
27 44 0;
29 44 30 44 0;
33 44 0;
42 44 43 44 0;
12 45 0;
15 45 0;
18 45 0;
21 45 22 45 0;
24 45 0;
26 45 0;
29 45 31 45 0;
34 45 0;
43 45 0;
13 46 0;
15 46 0;
17 46 0;
20 46 21 46 0;
24 46 0;
26 46 0;
28 46 0;
31 46 32 46 0;
34 46 0;
13 47 0;
15 47 16 47 0;
19 47 21 47 0;
23 47 25 47 0;
28 47 29 47 0;
31 47 32 47 0;
35 47 0;
13 48 0;
15 48 0;
18 48 21 48 0;
23 48 24 48 0;
27 48 29 48 0;
31 48 0;
33 48 0;
35 48 0;
12 49 0;
14 49 0;
16 49 17 49 0;
19 49 20 49 0;
22 49 24 49 0;
27 49 30 49 0;
32 49 0;
34 49 0;
36 49 0;
12 50 0;
14 50 15 50 0;
18 50 0;
20 50 0;
22 50 30 50 0;
32 50 0;
34 50 0;
36 50 0;
13 51 14 51 0;
19 51 0;
21 51 0;
23 51 0;
25 51 0;
27 51 0;
29 51 0;
31 51 0;
33 51 0;
35 51 0;
37 51 0;
19 52 0;
21 52 0;
23 52 0;
25 52 0;
27 52 0;
29 52 0;
31 52 0;
33 52 0;
36 52 37 52 0;
18 53 0;
20 53 0;
23 53 0;
25 53 0;
27 53 0;
29 53 0;
32 53 0;
34 53 0;
36 53 0;
18 54 0;
20 54 0;
24 54 0;
26 54 0;
32 54 0;
34 54 0;
19 55 0;
33 55 0;
