146 Moltres;
4;
14 1 17 1 0;
44 1 47 1 0;
2 2 0;
13 2 0;
15 2 0;
18 2 0;
23 2 25 2 0;
43 2 0;
48 2 49 2 0;
1 3 2 3 0;
12 3 0;
14 3 0;
21 3 22 3 0;
26 3 0;
33 3 35 3 0;
42 3 0;
45 3 46 3 0;
50 3 0;
1 4 6 4 0;
12 4 0;
14 4 0;
20 4 0;
27 4 0;
31 4 32 4 0;
36 4 37 4 0;
43 4 44 4 0;
47 4 0;
51 4 0;
2 5 7 5 0;
11 5 0;
14 5 0;
20 5 23 5 0;
28 5 30 5 0;
38 5 0;
48 5 0;
52 5 0;
6 6 8 6 0;
11 6 0;
15 6 0;
19 6 0;
24 6 0;
28 6 0;
39 6 40 6 0;
46 6 47 6 0;
52 6 0;
2 7 0;
7 7 8 7 0;
12 7 0;
16 7 0;
19 7 0;
24 7 0;
28 7 0;
41 7 45 7 0;
52 7 0;
3 8 0;
8 8 9 8 0;
12 8 0;
17 8 0;
23 8 0;
26 8 0;
52 8 0;
13 9 0;
18 9 19 9 0;
22 9 0;
25 9 0;
31 9 32 9 0;
52 9 0;
5 10 6 10 0;
14 10 0;
20 10 22 10 0;
25 10 0;
42 10 0;
44 10 0;
51 10 0;
4 11 0;
7 11 0;
15 11 16 11 0;
22 11 0;
24 11 0;
29 11 0;
45 11 46 11 0;
49 11 50 11 0;
4 12 0;
8 12 0;
17 12 18 12 0;
28 12 0;
36 12 39 12 0;
47 12 48 12 0;
3 13 0;
8 13 10 13 0;
19 13 0;
23 13 0;
27 13 0;
30 13 31 13 0;
35 13 0;
37 13 0;
40 13 41 13 0;
49 13 0;
54 13 0;
3 14 0;
8 14 0;
11 14 0;
20 14 0;
22 14 0;
26 14 0;
29 14 0;
32 14 33 14 0;
35 14 0;
38 14 39 14 0;
42 14 43 14 0;
50 14 0;
53 14 54 14 0;
2 15 0;
8 15 0;
12 15 0;
14 15 15 15 0;
21 15 0;
26 15 0;
29 15 0;
34 15 35 15 0;
40 15 0;
44 15 0;
49 15 0;
53 15 0;
1 16 2 16 0;
7 16 0;
12 16 13 16 0;
16 16 0;
21 16 0;
25 16 0;
27 16 0;
30 16 0;
36 16 0;
41 16 0;
45 16 0;
50 16 0;
0 17 0;
7 17 0;
12 17 0;
16 17 0;
22 17 0;
25 17 0;
27 17 0;
29 17 32 17 0;
37 17 0;
42 17 0;
46 17 0;
49 17 51 17 0;
0 18 0;
6 18 0;
12 18 0;
16 18 18 18 0;
22 18 0;
25 18 0;
27 18 28 18 0;
33 18 0;
38 18 0;
43 18 0;
47 18 48 18 0;
51 18 0;
1 19 0;
6 19 0;
11 19 0;
16 19 0;
19 19 0;
23 19 0;
28 19 0;
34 19 0;
48 19 0;
51 19 0;
1 20 0;
6 20 0;
11 20 0;
16 20 0;
20 20 0;
22 20 0;
29 20 0;
35 20 0;
39 20 0;
45 20 0;
50 20 0;
1 21 0;
6 21 0;
10 21 0;
16 21 0;
20 21 22 21 0;
30 21 0;
36 21 0;
40 21 0;
50 21 0;
1 22 0;
6 22 0;
10 22 0;
15 22 0;
20 22 0;
23 22 0;
31 22 0;
41 22 0;
51 22 0;
53 22 54 22 0;
1 23 0;
5 23 0;
10 23 0;
15 23 0;
19 23 0;
23 23 0;
32 23 0;
52 23 0;
1 24 0;
5 24 0;
9 24 0;
15 24 0;
19 24 0;
23 24 0;
33 24 0;
38 24 0;
54 24 0;
1 25 0;
5 25 0;
9 25 0;
14 25 0;
19 25 0;
23 25 0;
34 25 0;
53 25 0;
0 26 0;
5 26 0;
9 26 0;
14 26 0;
18 26 19 26 0;
23 26 0;
35 26 0;
52 26 0;
0 27 0;
5 27 0;
9 27 0;
14 27 0;
18 27 0;
22 27 0;
36 27 0;
53 27 0;
0 28 0;
5 28 0;
9 28 0;
18 28 0;
22 28 0;
37 28 0;
53 28 0;
1 29 0;
6 29 0;
37 29 0;
53 29 0;
1 30 0;
38 30 0;
42 30 43 30 0;
46 30 0;
54 30 0;
1 31 0;
39 31 0;
41 31 0;
44 31 45 31 0;
47 31 0;
54 31 0;
2 32 0;
24 32 0;
39 32 42 32 0;
48 32 0;
54 32 0;
2 33 0;
24 33 0;
40 33 0;
49 33 0;
53 33 0;
2 34 0;
24 34 0;
34 34 0;
39 34 0;
48 34 0;
53 34 0;
2 35 0;
23 35 0;
35 35 0;
39 35 0;
42 35 44 35 0;
49 35 50 35 0;
52 35 0;
3 36 0;
23 36 0;
36 36 37 36 0;
39 36 0;
45 36 46 36 0;
51 36 0;
2 37 3 37 0;
22 37 0;
38 37 0;
47 37 0;
52 37 0;
1 38 0;
22 38 23 38 0;
53 38 0;
2 39 0;
4 39 0;
21 39 0;
24 39 0;
41 39 43 39 0;
48 39 0;
51 39 52 39 0;
3 40 0;
20 40 0;
25 40 26 40 0;
34 40 0;
42 40 44 40 0;
48 40 0;
50 40 0;
4 41 5 41 0;
19 41 0;
25 41 0;
27 41 33 41 0;
35 41 0;
42 41 0;
44 41 0;
48 41 49 41 0;
6 42 0;
18 42 0;
25 42 0;
27 42 0;
36 42 0;
43 42 44 42 0;
48 42 0;
7 43 0;
17 43 0;
25 43 0;
27 43 0;
37 43 0;
44 43 0;
48 43 0;
52 43 0;
8 44 0;
16 44 0;
26 44 0;
28 44 0;
38 44 0;
46 44 0;
48 44 0;
52 44 54 44 0;
9 45 10 45 0;
14 45 15 45 0;
24 45 26 45 0;
28 45 0;
31 45 32 45 0;
39 45 40 45 0;
45 45 0;
47 45 0;
53 45 54 45 0;
2 46 0;
5 46 6 46 0;
11 46 13 46 0;
17 46 0;
24 46 0;
26 46 0;
29 46 30 46 0;
33 46 0;
39 46 0;
41 46 44 46 0;
48 46 0;
1 47 2 47 0;
4 47 7 47 0;
9 47 0;
25 47 0;
27 47 0;
30 47 0;
34 47 0;
39 47 0;
41 47 0;
45 47 0;
48 47 0;
1 48 4 48 0;
16 48 0;
24 48 0;
26 48 0;
28 48 0;
31 48 33 48 0;
35 48 0;
39 48 0;
41 48 0;
46 48 0;
49 48 0;
2 49 3 49 0;
16 49 0;
23 49 0;
25 49 0;
29 49 0;
31 49 0;
34 49 0;
40 49 0;
47 49 0;
50 49 0;
14 50 16 50 0;
23 50 0;
25 50 0;
29 50 0;
32 50 0;
48 50 0;
51 50 0;
14 51 15 51 0;
24 51 0;
30 51 0;
32 51 0;
49 51 0;
51 51 0;
31 52 0;
50 52 0;
52 52 0;
51 53 0;
53 53 0;
52 54 0;
54 54 0;
53 55 54 55 0;
