147 Dratini;
3;
26 8 30 8 0;
24 9 25 9 0;
31 9 0;
23 10 0;
30 10 0;
22 11 0;
26 11 0;
29 11 0;
20 12 25 12 0;
28 12 0;
18 13 19 13 0;
26 13 27 13 0;
35 13 38 13 0;
17 14 0;
22 14 0;
28 14 0;
33 14 34 14 0;
39 14 0;
16 15 17 15 0;
21 15 22 15 0;
29 15 0;
32 15 0;
38 15 0;
16 16 17 16 0;
29 16 0;
31 16 0;
37 16 0;
15 17 16 17 0;
25 17 26 17 0;
30 17 0;
37 17 0;
14 18 15 18 0;
24 18 25 18 0;
29 18 0;
36 18 0;
13 19 0;
23 19 25 19 0;
27 19 0;
29 19 0;
32 19 33 19 0;
36 19 0;
12 20 0;
23 20 27 20 0;
30 20 0;
34 20 35 20 0;
12 21 0;
24 21 26 21 0;
29 21 0;
31 21 0;
36 21 0;
12 22 0;
29 22 0;
32 22 0;
37 22 0;
12 23 0;
25 23 0;
29 23 0;
33 23 0;
37 23 0;
13 24 0;
24 24 0;
28 24 0;
34 24 0;
37 24 0;
14 25 15 25 0;
22 25 23 25 0;
27 25 0;
35 25 36 25 0;
16 26 21 26 0;
27 26 0;
20 27 0;
26 27 0;
19 28 0;
26 28 0;
30 28 32 28 0;
41 28 0;
18 29 0;
26 29 0;
28 29 29 29 0;
33 29 34 29 0;
40 29 0;
42 29 0;
17 30 0;
26 30 27 30 0;
35 30 0;
41 30 0;
43 30 0;
16 31 0;
25 31 26 31 0;
36 31 0;
41 31 0;
43 31 0;
16 32 0;
25 32 0;
37 32 0;
41 32 0;
43 32 0;
15 33 0;
25 33 0;
38 33 0;
41 33 0;
43 33 0;
15 34 0;
24 34 0;
32 34 0;
38 34 0;
40 34 0;
43 34 0;
14 35 0;
24 35 0;
39 35 0;
43 35 0;
14 36 0;
24 36 0;
33 36 0;
39 36 0;
43 36 0;
14 37 0;
33 37 0;
42 37 0;
14 38 0;
25 38 0;
33 38 0;
42 38 0;
14 39 0;
33 39 0;
41 39 0;
15 40 0;
32 40 0;
41 40 0;
15 41 0;
32 41 0;
40 41 0;
16 42 0;
31 42 0;
33 42 0;
39 42 0;
17 43 0;
30 43 0;
34 43 0;
38 43 0;
18 44 0;
29 44 0;
35 44 37 44 0;
19 45 20 45 0;
26 45 28 45 0;
21 46 25 46 0;
