148 Dragonair;
3;
8 6 0;
22 6 23 6 0;
7 7 0;
9 7 0;
21 7 0;
24 7 0;
7 8 0;
10 8 0;
20 8 0;
24 8 0;
36 8 42 8 0;
8 9 0;
11 9 0;
19 9 0;
24 9 0;
33 9 35 9 0;
43 9 44 9 0;
7 10 0;
11 10 0;
18 10 0;
23 10 0;
31 10 32 10 0;
45 10 0;
8 11 0;
10 11 14 11 0;
18 11 0;
22 11 23 11 0;
30 11 0;
46 11 0;
7 12 0;
9 12 0;
15 12 17 12 0;
21 12 0;
24 12 0;
29 12 0;
47 12 0;
7 13 8 13 0;
17 13 0;
24 13 0;
28 13 0;
48 13 0;
6 14 7 14 0;
17 14 0;
23 14 0;
27 14 0;
48 14 0;
6 15 0;
9 15 11 15 0;
21 15 22 15 0;
26 15 0;
49 15 0;
6 16 0;
8 16 0;
12 16 0;
23 16 0;
25 16 0;
49 16 0;
5 17 0;
8 17 0;
12 17 0;
23 17 0;
25 17 0;
49 17 0;
5 18 6 18 0;
9 18 0;
12 18 0;
16 18 17 18 0;
22 18 0;
24 18 0;
50 18 0;
6 19 7 19 0;
10 19 11 19 0;
15 19 0;
17 19 0;
19 19 0;
22 19 0;
24 19 0;
50 19 0;
6 20 7 20 0;
14 20 0;
17 20 0;
20 20 21 20 0;
23 20 0;
50 20 0;
6 21 7 21 0;
13 21 0;
15 21 0;
17 21 0;
19 21 20 21 0;
23 21 0;
35 21 37 21 0;
50 21 0;
6 22 0;
13 22 0;
16 22 17 22 0;
20 22 0;
22 22 0;
33 22 34 22 0;
38 22 0;
50 22 0;
6 23 0;
13 23 16 23 0;
20 23 0;
22 23 0;
32 23 0;
38 23 0;
50 23 0;
5 24 0;
14 24 15 24 0;
21 24 0;
31 24 0;
38 24 0;
50 24 0;
5 25 0;
17 25 0;
22 25 0;
31 25 0;
38 25 0;
50 25 0;
5 26 0;
16 26 20 26 0;
23 26 24 26 0;
30 26 0;
37 26 0;
50 26 0;
6 27 0;
15 27 0;
21 27 0;
25 27 26 27 0;
30 27 0;
37 27 0;
49 27 0;
7 28 0;
13 28 14 28 0;
18 28 19 28 0;
22 28 0;
27 28 29 28 0;
36 28 0;
49 28 0;
8 29 12 29 0;
14 29 0;
17 29 20 29 0;
22 29 0;
30 29 31 29 0;
34 29 35 29 0;
49 29 0;
14 30 0;
17 30 20 30 0;
22 30 0;
32 30 33 30 0;
48 30 0;
14 31 0;
18 31 19 31 0;
22 31 0;
48 31 0;
15 32 0;
21 32 0;
47 32 0;
16 33 20 33 0;
46 33 0;
19 34 0;
21 34 0;
45 34 0;
19 35 0;
22 35 23 35 0;
44 35 0;
19 36 0;
24 36 25 36 0;
42 36 43 36 0;
20 37 0;
26 37 27 37 0;
40 37 41 37 0;
20 38 0;
28 38 30 38 0;
37 38 39 38 0;
21 39 0;
29 39 0;
31 39 36 39 0;
49 39 0;
21 40 0;
29 40 0;
49 40 0;
22 41 0;
30 41 0;
48 41 49 41 0;
23 42 0;
31 42 0;
46 42 47 42 0;
49 42 0;
24 43 0;
32 43 33 43 0;
41 43 43 43 0;
45 43 0;
48 43 0;
25 44 26 44 0;
34 44 35 44 0;
40 44 0;
44 44 45 44 0;
48 44 0;
27 45 28 45 0;
36 45 39 45 0;
45 45 47 45 0;
29 46 32 46 0;
39 46 0;
41 46 42 46 0;
45 46 0;
33 47 39 47 0;
41 47 42 47 0;
45 47 0;
40 48 0;
44 48 0;
41 49 43 49 0;
