149 Dragonite;
3;
3 2 0;
11 2 13 2 0;
16 2 17 2 0;
2 3 0;
4 3 0;
10 3 0;
14 3 15 3 0;
18 3 0;
32 3 35 3 0;
2 4 0;
4 4 0;
9 4 0;
14 4 0;
16 4 17 4 0;
31 4 0;
36 4 0;
2 5 0;
4 5 0;
8 5 0;
13 5 0;
15 5 16 5 0;
31 5 0;
37 5 0;
2 6 0;
4 6 0;
8 6 0;
12 6 0;
14 6 0;
17 6 0;
30 6 0;
38 6 0;
47 6 0;
2 7 0;
4 7 0;
8 7 0;
12 7 0;
14 7 0;
17 7 0;
29 7 0;
33 7 35 7 0;
39 7 0;
46 7 0;
48 7 0;
3 8 0;
5 8 0;
8 8 11 8 0;
14 8 0;
18 8 0;
29 8 0;
32 8 0;
34 8 0;
36 8 0;
40 8 0;
46 8 0;
48 8 0;
3 9 0;
5 9 0;
7 9 0;
11 9 0;
13 9 0;
15 9 0;
18 9 0;
28 9 0;
32 9 0;
34 9 0;
37 9 0;
41 9 0;
46 9 0;
49 9 0;
4 10 0;
6 10 0;
11 10 0;
13 10 0;
16 10 0;
19 10 0;
28 10 0;
31 10 32 10 0;
34 10 0;
38 10 0;
42 10 0;
46 10 0;
49 10 0;
4 11 0;
7 11 0;
11 11 0;
13 11 0;
17 11 0;
19 11 0;
27 11 0;
30 11 0;
32 11 0;
35 11 0;
39 11 0;
43 11 0;
46 11 0;
50 11 0;
4 12 5 12 0;
7 12 0;
12 12 0;
17 12 0;
19 12 0;
27 12 0;
29 12 0;
32 12 0;
35 12 0;
40 12 0;
44 12 0;
46 12 0;
50 12 0;
3 13 0;
5 13 6 13 0;
18 13 0;
20 13 0;
26 13 0;
28 13 0;
31 13 0;
35 13 0;
41 13 0;
44 13 0;
46 13 0;
50 13 0;
3 14 0;
15 14 16 14 0;
18 14 0;
20 14 0;
25 14 0;
27 14 0;
31 14 0;
36 14 0;
42 14 0;
45 14 46 14 0;
51 14 0;
3 15 0;
14 15 0;
17 15 0;
19 15 20 15 0;
24 15 0;
26 15 0;
31 15 0;
36 15 0;
43 15 0;
46 15 0;
51 15 0;
3 16 0;
14 16 15 16 0;
17 16 0;
19 16 0;
21 16 0;
23 16 0;
25 16 0;
30 16 0;
36 16 0;
38 16 46 16 0;
51 16 0;
3 17 4 17 0;
14 17 15 17 0;
17 17 0;
20 17 0;
22 17 0;
24 17 0;
30 17 0;
35 17 37 17 0;
45 17 0;
52 17 0;
4 18 0;
13 18 14 18 0;
16 18 17 18 0;
21 18 22 18 0;
24 18 0;
30 18 0;
33 18 34 18 0;
45 18 0;
52 18 0;
4 19 6 19 0;
14 19 16 19 0;
22 19 23 19 0;
30 19 0;
32 19 0;
45 19 0;
52 19 0;
5 20 7 20 0;
24 20 26 20 0;
29 20 0;
31 20 0;
44 20 0;
52 20 0;
6 21 8 21 0;
16 21 0;
18 21 0;
27 21 30 21 0;
44 21 0;
52 21 0;
7 22 0;
16 22 0;
18 22 0;
31 22 34 22 0;
37 22 38 22 0;
43 22 0;
52 22 0;
7 23 0;
17 23 0;
35 23 36 23 0;
39 23 0;
43 23 0;
52 23 0;
8 24 0;
13 24 0;
17 24 0;
25 24 0;
36 24 40 24 0;
42 24 0;
52 24 0;
8 25 0;
10 25 0;
16 25 0;
26 25 0;
38 25 0;
40 25 41 25 0;
51 25 0;
9 26 0;
15 26 0;
27 26 0;
38 26 40 26 0;
51 26 0;
9 27 14 27 0;
28 27 0;
38 27 0;
40 27 0;
51 27 0;
7 28 8 28 0;
13 28 0;
29 28 0;
37 28 0;
39 28 0;
51 28 0;
5 29 6 29 0;
13 29 0;
30 29 31 29 0;
36 29 38 29 0;
51 29 0;
2 30 4 30 0;
13 30 0;
32 30 35 30 0;
37 30 0;
50 30 0;
1 31 0;
3 31 0;
12 31 0;
36 31 37 31 0;
50 31 0;
2 32 3 32 0;
12 32 0;
38 32 0;
50 32 0;
1 33 0;
3 33 0;
12 33 0;
39 33 0;
49 33 0;
1 34 0;
3 34 4 34 0;
9 34 12 34 0;
40 34 0;
49 34 0;
2 35 0;
5 35 8 35 0;
12 35 0;
41 35 0;
48 35 0;
3 36 4 36 0;
12 36 0;
41 36 0;
48 36 0;
12 37 0;
42 37 0;
47 37 0;
12 38 0;
42 38 0;
47 38 0;
11 39 0;
13 39 0;
42 39 0;
46 39 0;
11 40 0;
13 40 0;
28 40 0;
42 40 0;
45 40 0;
11 41 0;
14 41 0;
29 41 0;
43 41 44 41 0;
11 42 0;
14 42 0;
30 42 0;
43 42 0;
11 43 0;
15 43 0;
31 43 0;
44 43 45 43 0;
11 44 0;
16 44 0;
32 44 0;
41 44 0;
46 44 0;
12 45 0;
17 45 18 45 0;
33 45 34 45 0;
39 45 0;
47 45 0;
12 46 0;
19 46 21 46 0;
35 46 37 46 0;
47 46 0;
13 47 0;
22 47 24 47 0;
32 47 34 47 0;
38 47 0;
48 47 0;
14 48 15 48 0;
25 48 32 48 0;
38 48 0;
48 48 0;
16 49 21 49 0;
30 49 0;
39 49 0;
47 49 48 49 0;
22 50 24 50 0;
30 50 0;
39 50 0;
45 50 47 50 0;
49 50 0;
24 51 25 51 0;
27 51 0;
29 51 30 51 0;
40 51 41 51 0;
43 51 44 51 0;
48 51 49 51 0;
24 52 0;
26 52 0;
28 52 0;
30 52 0;
41 52 42 52 0;
45 52 0;
48 52 0;
25 53 0;
27 53 0;
29 53 0;
43 53 44 53 0;
46 53 47 53 0;
26 54 28 54 0;
