015 Beedrill;
1;
43 0 46 0 0;
8 1 12 1 0;
40 1 48 1 0;
7 2 0;
12 2 13 2 0;
38 2 42 2 0;
49 2 50 2 0;
6 3 0;
13 3 14 3 0;
36 3 39 3 0;
51 3 0;
6 4 0;
14 4 15 4 0;
35 4 37 4 0;
51 4 0;
5 5 0;
15 5 16 5 0;
34 5 35 5 0;
52 5 0;
5 6 0;
16 6 17 6 0;
33 6 34 6 0;
52 6 0;
4 7 0;
17 7 18 7 0;
32 7 33 7 0;
53 7 0;
4 8 0;
18 8 0;
22 8 23 8 0;
31 8 32 8 0;
53 8 0;
4 9 0;
18 9 19 9 0;
21 9 24 9 0;
30 9 31 9 0;
53 9 0;
4 10 0;
19 10 0;
21 10 22 10 0;
24 10 0;
30 10 0;
53 10 0;
4 11 0;
12 11 13 11 0;
19 11 20 11 0;
24 11 0;
29 11 0;
53 11 0;
4 12 0;
11 12 12 12 0;
14 12 0;
19 12 20 12 0;
23 12 0;
29 12 0;
53 12 0;
4 13 0;
10 13 11 13 0;
15 13 0;
19 13 20 13 0;
22 13 0;
28 13 0;
53 13 0;
4 14 0;
9 14 11 14 0;
16 14 0;
18 14 22 14 0;
28 14 0;
52 14 0;
5 15 0;
9 15 10 15 0;
16 15 17 15 0;
21 15 0;
23 15 24 15 0;
27 15 0;
52 15 0;
5 16 0;
15 16 0;
17 16 0;
21 16 0;
25 16 0;
27 16 0;
51 16 0;
5 17 0;
14 17 0;
26 17 27 17 0;
51 17 0;
6 18 0;
13 18 0;
27 18 0;
50 18 0;
6 19 0;
13 19 0;
26 19 28 19 0;
49 19 0;
7 20 0;
12 20 0;
14 20 0;
25 20 0;
29 20 0;
40 20 42 20 0;
48 20 0;
8 21 0;
12 21 0;
14 21 0;
24 21 0;
29 21 0;
38 21 39 21 0;
43 21 44 21 0;
46 21 47 21 0;
9 22 0;
12 22 0;
15 22 0;
24 22 0;
29 22 0;
36 22 37 22 0;
45 22 0;
10 23 12 23 0;
15 23 0;
23 23 0;
28 23 29 23 0;
35 23 0;
45 23 0;
11 24 13 24 0;
15 24 16 24 0;
23 24 0;
27 24 29 24 0;
32 24 34 24 0;
45 24 0;
12 25 16 25 0;
23 25 34 25 0;
46 25 0;
12 26 16 26 0;
23 26 28 26 0;
30 26 33 26 0;
46 26 0;
13 27 15 27 0;
24 27 27 27 0;
29 27 33 27 0;
46 27 0;
13 28 14 28 0;
25 28 26 28 0;
28 28 33 28 0;
47 28 0;
14 29 15 29 0;
25 29 0;
29 29 33 29 0;
47 29 0;
14 30 16 30 0;
25 30 0;
29 30 34 30 0;
47 30 0;
14 31 17 31 0;
24 31 0;
30 31 35 31 0;
48 31 0;
8 32 18 32 0;
23 32 0;
32 32 33 32 0;
36 32 0;
48 32 0;
7 33 0;
13 33 16 33 0;
19 33 23 33 0;
33 33 0;
37 33 38 33 0;
49 33 0;
6 34 0;
14 34 15 34 0;
23 34 0;
32 34 34 34 0;
38 34 39 34 0;
49 34 0;
6 35 0;
15 35 0;
24 35 0;
30 35 34 35 0;
39 35 40 35 0;
50 35 0;
5 36 0;
16 36 0;
25 36 29 36 0;
31 36 35 36 0;
40 36 41 36 0;
50 36 0;
5 37 0;
16 37 0;
25 37 0;
31 37 35 37 0;
40 37 43 37 0;
51 37 0;
5 38 0;
16 38 0;
24 38 25 38 0;
31 38 36 38 0;
40 38 42 38 0;
44 38 0;
51 38 0;
5 39 0;
15 39 0;
23 39 24 39 0;
31 39 32 39 0;
34 39 36 39 0;
40 39 0;
42 39 0;
45 39 0;
51 39 0;
4 40 0;
14 40 0;
22 40 24 40 0;
31 40 32 40 0;
34 40 37 40 0;
40 40 0;
43 40 0;
46 40 0;
52 40 0;
4 41 0;
13 41 14 41 0;
21 41 0;
23 41 25 41 0;
32 41 0;
34 41 37 41 0;
44 41 0;
47 41 48 41 0;
52 41 0;
4 42 0;
12 42 0;
15 42 16 42 0;
20 42 0;
22 42 26 42 0;
32 42 37 42 0;
39 42 0;
45 42 0;
49 42 0;
53 42 0;
4 43 0;
11 43 0;
17 43 24 43 0;
27 43 28 43 0;
32 43 39 43 0;
45 43 0;
50 43 0;
53 43 0;
3 44 0;
10 44 0;
19 44 23 44 0;
29 44 37 44 0;
40 44 45 44 0;
51 44 0;
53 44 0;
3 45 0;
9 45 0;
18 45 22 45 0;
33 45 37 45 0;
52 45 53 45 0;
3 46 0;
8 46 0;
17 46 20 46 0;
34 46 37 46 0;
39 46 45 46 0;
3 47 0;
7 47 0;
17 47 19 47 0;
35 47 40 47 0;
42 47 46 47 0;
2 48 0;
6 48 0;
17 48 23 48 0;
38 48 42 48 0;
44 48 47 48 0;
2 49 0;
5 49 0;
18 49 26 49 0;
40 49 48 49 0;
2 50 0;
4 50 0;
19 50 20 50 0;
22 50 27 50 0;
43 50 48 50 0;
2 51 3 51 0;
20 51 22 51 0;
24 51 28 51 0;
44 51 49 51 0;
2 52 0;
22 52 28 52 0;
46 52 49 52 0;
24 53 29 53 0;
48 53 50 53 0;
27 54 31 54 0;
50 54 51 54 0;
