150 Mewtwo;
6;
6 0 7 0 0;
20 0 22 0 0;
5 1 0;
8 1 0;
19 1 0;
23 1 0;
5 2 0;
9 2 0;
19 2 0;
24 2 0;
5 3 0;
10 3 0;
13 3 16 3 0;
18 3 0;
24 3 0;
5 4 0;
11 4 12 4 0;
17 4 18 4 0;
24 4 0;
5 5 0;
18 5 0;
23 5 0;
5 6 0;
17 6 0;
23 6 0;
4 7 0;
17 7 0;
23 7 0;
4 8 0;
16 8 0;
24 8 0;
3 9 0;
24 9 0;
3 10 0;
24 10 26 10 0;
44 10 47 10 0;
2 11 0;
24 11 0;
27 11 28 11 0;
42 11 43 11 0;
48 11 49 11 0;
1 12 0;
25 12 0;
29 12 0;
41 12 0;
50 12 51 12 0;
0 13 0;
25 13 0;
30 13 0;
40 13 0;
52 13 0;
0 14 0;
14 14 15 14 0;
25 14 0;
31 14 0;
39 14 0;
47 14 48 14 0;
53 14 0;
0 15 0;
12 15 14 15 0;
25 15 26 15 0;
31 15 0;
39 15 0;
46 15 0;
49 15 0;
53 15 0;
1 16 0;
11 16 0;
14 16 0;
25 16 0;
27 16 0;
32 16 0;
38 16 0;
45 16 0;
50 16 0;
54 16 0;
1 17 0;
6 17 0;
9 17 11 17 0;
24 17 0;
28 17 0;
32 17 0;
38 17 0;
45 17 0;
51 17 0;
54 17 0;
1 18 0;
3 18 0;
8 18 9 18 0;
11 18 0;
24 18 0;
28 18 0;
33 18 0;
38 18 0;
45 18 0;
51 18 0;
54 18 0;
2 19 0;
8 19 11 19 0;
14 19 0;
24 19 0;
27 19 29 19 0;
33 19 0;
37 19 0;
45 19 0;
52 19 0;
2 20 0;
8 20 0;
10 20 0;
13 20 0;
23 20 0;
25 20 26 20 0;
29 20 33 20 0;
37 20 0;
46 20 0;
52 20 0;
2 21 0;
8 21 9 21 0;
11 21 0;
23 21 0;
34 21 0;
37 21 0;
46 21 0;
52 21 0;
2 22 0;
17 22 19 22 0;
24 22 0;
33 22 0;
35 22 0;
37 22 0;
47 22 0;
52 22 0;
2 23 0;
11 23 12 23 0;
15 23 16 23 0;
18 23 21 23 0;
27 23 0;
32 23 0;
36 23 0;
38 23 0;
47 23 0;
52 23 0;
3 24 0;
9 24 10 24 0;
13 24 14 24 0;
17 24 0;
20 24 0;
22 24 0;
26 24 0;
32 24 0;
36 24 0;
38 24 0;
48 24 0;
52 24 0;
4 25 5 25 0;
7 25 8 25 0;
11 25 12 25 0;
16 25 0;
20 25 0;
26 25 0;
32 25 0;
37 25 38 25 0;
48 25 0;
51 25 0;
6 26 10 26 0;
18 26 0;
21 26 0;
32 26 0;
37 26 38 26 0;
48 26 0;
50 26 0;
14 27 0;
18 27 0;
33 27 0;
37 27 0;
39 27 0;
49 27 0;
54 27 0;
14 28 0;
18 28 19 28 0;
24 28 26 28 0;
33 28 0;
37 28 0;
39 28 0;
49 28 0;
54 28 0;
13 29 0;
17 29 0;
20 29 0;
23 29 0;
27 29 28 29 0;
31 29 0;
34 29 0;
38 29 39 29 0;
49 29 0;
54 29 0;
13 30 0;
16 30 0;
21 30 22 30 0;
29 30 30 30 0;
34 30 0;
38 30 39 30 0;
49 30 0;
53 30 0;
13 31 0;
16 31 0;
22 31 0;
35 31 0;
38 31 0;
40 31 41 31 0;
50 31 0;
53 31 0;
12 32 0;
15 32 0;
22 32 0;
36 32 0;
39 32 0;
42 32 0;
50 32 52 32 0;
12 33 0;
15 33 0;
21 33 0;
33 33 0;
36 33 0;
40 33 0;
43 33 0;
50 33 0;
11 34 0;
14 34 0;
21 34 0;
24 34 26 34 0;
33 34 0;
37 34 0;
40 34 0;
44 34 0;
50 34 0;
11 35 0;
14 35 0;
21 35 0;
27 35 0;
32 35 0;
37 35 0;
40 35 0;
44 35 0;
50 35 0;
10 36 0;
14 36 0;
20 36 28 36 0;
32 36 0;
37 36 0;
40 36 0;
45 36 0;
50 36 0;
10 37 0;
15 37 0;
20 37 0;
22 37 0;
28 37 29 37 0;
32 37 0;
37 37 0;
41 37 0;
45 37 0;
50 37 0;
10 38 0;
15 38 0;
19 38 0;
22 38 0;
28 38 29 38 0;
32 38 0;
36 38 0;
41 38 0;
46 38 0;
50 38 0;
10 39 0;
15 39 0;
19 39 0;
22 39 30 39 0;
32 39 0;
36 39 0;
41 39 0;
46 39 0;
50 39 0;
10 40 0;
15 40 17 40 0;
19 40 0;
23 40 30 40 0;
33 40 0;
35 40 0;
41 40 0;
46 40 0;
50 40 0;
10 41 0;
14 41 0;
18 41 19 41 0;
23 41 31 41 0;
33 41 0;
35 41 0;
41 41 0;
46 41 0;
49 41 0;
10 42 0;
14 42 0;
18 42 0;
20 42 0;
24 42 32 42 0;
34 42 0;
40 42 0;
46 42 0;
49 42 0;
11 43 0;
14 43 0;
18 43 0;
20 43 0;
25 43 33 43 0;
40 43 0;
45 43 0;
49 43 0;
11 44 0;
15 44 17 44 0;
19 44 0;
21 44 0;
26 44 29 44 0;
33 44 0;
40 44 0;
45 44 0;
48 44 0;
12 45 13 45 0;
19 45 0;
22 45 0;
28 45 30 45 0;
32 45 0;
40 45 0;
44 45 0;
48 45 0;
11 46 0;
14 46 0;
18 46 20 46 0;
23 46 24 46 0;
28 46 0;
31 46 0;
39 46 0;
44 46 0;
47 46 0;
11 47 0;
15 47 0;
17 47 0;
21 47 0;
25 47 0;
28 47 0;
31 47 0;
39 47 0;
45 47 46 47 0;
11 48 0;
15 48 0;
17 48 0;
21 48 0;
26 48 0;
29 48 31 48 0;
38 48 0;
40 48 0;
46 48 0;
12 49 0;
15 49 17 49 0;
20 49 21 49 0;
24 49 25 49 0;
29 49 0;
32 49 0;
38 49 0;
40 49 0;
47 49 48 49 0;
13 50 14 50 0;
18 50 23 50 0;
29 50 0;
33 50 35 50 0;
37 50 0;
40 50 0;
49 50 50 50 0;
16 51 17 51 0;
30 51 33 51 0;
36 51 0;
39 51 40 51 0;
42 51 44 51 0;
51 51 0;
15 52 0;
33 52 35 52 0;
37 52 38 52 0;
40 52 41 52 0;
45 52 0;
52 52 0;
15 53 0;
18 53 0;
28 53 32 53 0;
41 53 0;
45 53 0;
52 53 0;
16 54 18 54 0;
23 54 27 54 0;
41 54 0;
45 54 47 54 0;
51 54 0;
19 55 22 55 0;
42 55 44 55 0;
48 55 50 55 0;
