151 Mew;
6;
39 8 41 8 0;
37 9 38 9 0;
42 9 43 9 0;
36 10 0;
44 10 0;
35 11 0;
45 11 0;
35 12 0;
45 12 0;
36 13 38 13 0;
46 13 0;
39 14 42 14 0;
46 14 0;
43 15 0;
46 15 0;
18 16 20 16 0;
24 16 30 16 0;
34 16 36 16 0;
44 16 0;
46 16 0;
17 17 0;
21 17 23 17 0;
31 17 33 17 0;
37 17 0;
44 17 0;
46 17 0;
17 18 0;
37 18 0;
44 18 0;
46 18 0;
18 19 0;
36 19 0;
44 19 0;
46 19 0;
18 20 0;
36 20 0;
43 20 0;
46 20 0;
18 21 0;
36 21 0;
43 21 0;
45 21 0;
17 22 0;
21 22 22 22 0;
31 22 32 22 0;
37 22 0;
42 22 0;
45 22 0;
17 23 0;
20 23 0;
23 23 0;
30 23 0;
33 23 0;
37 23 0;
40 23 41 23 0;
44 23 0;
17 24 0;
20 24 0;
22 24 24 24 0;
29 24 31 24 0;
33 24 0;
37 24 39 24 0;
43 24 0;
17 25 0;
20 25 0;
22 25 0;
24 25 0;
29 25 0;
31 25 0;
33 25 0;
37 25 0;
41 25 42 25 0;
18 26 0;
22 26 24 26 0;
29 26 31 26 0;
37 26 0;
39 26 40 26 0;
18 27 0;
23 27 0;
30 27 0;
36 27 38 27 0;
15 28 17 28 0;
19 28 0;
35 28 0;
13 29 14 29 0;
20 29 0;
34 29 0;
12 30 0;
17 30 21 30 0;
32 30 33 30 0;
11 31 0;
15 31 16 31 0;
22 31 23 31 0;
30 31 31 31 0;
11 32 0;
14 32 0;
24 32 29 32 0;
32 32 0;
11 33 0;
14 33 0;
23 33 24 33 0;
33 33 34 33 0;
11 34 0;
14 34 0;
20 34 23 34 0;
35 34 36 34 0;
12 35 0;
15 35 0;
19 35 0;
23 35 0;
32 35 0;
37 35 0;
12 36 0;
15 36 0;
19 36 0;
23 36 0;
33 36 0;
38 36 0;
13 37 0;
16 37 0;
20 37 22 37 0;
33 37 34 37 0;
37 37 0;
13 38 0;
17 38 18 38 0;
20 38 0;
22 38 0;
33 38 0;
35 38 36 38 0;
14 39 0;
19 39 0;
22 39 0;
30 39 0;
34 39 0;
15 40 16 40 0;
19 40 0;
22 40 0;
29 40 0;
34 40 0;
17 41 19 41 0;
23 41 0;
29 41 0;
34 41 0;
19 42 0;
24 42 0;
29 42 0;
34 42 0;
20 43 0;
25 43 30 43 0;
33 43 0;
35 43 0;
16 44 21 44 0;
26 44 0;
31 44 0;
36 44 37 44 0;
14 45 15 45 0;
24 45 25 45 0;
31 45 0;
38 45 40 45 0;
13 46 23 46 0;
32 46 33 46 0;
36 46 0;
41 46 0;
34 47 40 47 0;
