016 Pidgey;
3;
19 13 24 13 0;
26 13 27 13 0;
18 14 0;
20 14 0;
24 14 25 14 0;
28 14 29 14 0;
18 15 19 15 0;
23 15 0;
30 15 0;
17 16 18 16 0;
22 16 0;
28 16 29 16 0;
16 17 17 17 0;
21 17 28 17 0;
16 18 17 18 0;
20 18 22 18 0;
29 18 0;
17 19 20 19 0;
22 19 24 19 0;
30 19 0;
17 20 19 20 0;
21 20 0;
23 20 25 20 0;
31 20 32 20 0;
16 21 0;
19 21 20 21 0;
22 21 25 21 0;
33 21 34 21 0;
15 22 0;
20 22 22 22 0;
24 22 25 22 0;
35 22 41 22 0;
16 23 17 23 0;
20 23 0;
24 23 0;
35 23 0;
41 23 43 23 0;
16 24 0;
18 24 19 24 0;
23 24 0;
34 24 40 24 0;
44 24 0;
16 25 0;
25 25 0;
33 25 0;
45 25 0;
16 26 0;
25 26 0;
33 26 0;
41 26 43 26 0;
45 26 0;
16 27 0;
26 27 0;
34 27 40 27 0;
44 27 0;
46 27 0;
17 28 0;
26 28 0;
33 28 0;
43 28 0;
45 28 0;
17 29 0;
27 29 0;
32 29 0;
40 29 42 29 0;
44 29 0;
17 30 0;
28 30 29 30 0;
32 30 0;
36 30 43 30 0;
18 31 0;
20 31 0;
23 31 0;
30 31 35 31 0;
39 31 41 31 0;
18 32 0;
20 32 0;
24 32 0;
31 32 32 32 0;
40 32 41 32 0;
19 33 0;
21 33 0;
25 33 26 33 0;
31 33 0;
40 33 0;
20 34 0;
22 34 24 34 0;
27 34 30 34 0;
32 34 0;
39 34 40 34 0;
21 35 0;
33 35 0;
38 35 39 35 0;
18 36 20 36 0;
22 36 0;
34 36 38 36 0;
15 37 17 37 0;
23 37 24 37 0;
33 37 38 37 0;
14 38 0;
18 38 20 38 0;
22 38 33 38 0;
39 38 0;
14 39 18 39 0;
21 39 22 39 0;
28 39 29 39 0;
31 39 32 39 0;
36 39 38 39 0;
40 39 0;
17 40 0;
19 40 20 40 0;
27 40 0;
30 40 0;
33 40 35 40 0;
39 40 40 40 0;
17 41 18 41 0;
26 41 0;
28 41 29 41 0;
32 41 0;
26 42 27 42 0;
29 42 31 42 0;
