017 Pidgeotto;
3;
30 5 0;
28 6 29 6 0;
25 7 27 7 0;
29 7 0;
22 8 24 8 0;
28 8 0;
15 9 21 9 0;
27 9 31 9 0;
12 10 14 10 0;
25 10 26 10 0;
30 10 0;
11 11 0;
13 11 0;
15 11 18 11 0;
22 11 24 11 0;
29 11 0;
10 12 0;
12 12 0;
14 12 0;
19 12 21 12 0;
28 12 0;
9 13 0;
11 13 0;
13 13 0;
16 13 18 13 0;
26 13 27 13 0;
9 14 0;
11 14 12 14 0;
14 14 17 14 0;
23 14 34 14 0;
45 14 46 14 0;
8 15 0;
10 15 0;
13 15 0;
19 15 23 15 0;
31 15 33 15 0;
40 15 41 15 0;
43 15 44 15 0;
46 15 0;
8 16 0;
10 16 0;
12 16 0;
14 16 30 16 0;
39 16 0;
42 16 0;
46 16 0;
8 17 0;
10 17 11 17 0;
13 17 0;
18 17 19 17 0;
22 17 23 17 0;
36 17 0;
38 17 0;
41 17 0;
46 17 0;
8 18 0;
10 18 0;
12 18 13 18 0;
18 18 0;
23 18 0;
35 18 0;
37 18 0;
40 18 0;
45 18 0;
8 19 11 19 0;
13 19 0;
17 19 18 19 0;
24 19 0;
35 19 0;
37 19 0;
39 19 0;
45 19 0;
8 20 18 20 0;
25 20 26 20 0;
34 20 0;
36 20 0;
39 20 0;
44 20 0;
47 20 49 20 0;
7 21 0;
11 21 0;
17 21 19 21 0;
27 21 29 21 0;
34 21 0;
36 21 0;
38 21 0;
44 21 46 21 0;
49 21 0;
6 22 0;
12 22 0;
18 22 19 22 0;
30 22 32 22 0;
34 22 0;
36 22 0;
38 22 0;
43 22 44 22 0;
48 22 0;
5 23 0;
11 23 0;
18 23 19 23 0;
33 23 34 23 0;
36 23 0;
38 23 0;
42 23 0;
48 23 0;
6 24 10 24 0;
17 24 19 24 0;
35 24 37 24 0;
41 24 0;
47 24 0;
10 25 0;
16 25 18 25 0;
37 25 38 25 0;
40 25 0;
47 25 0;
10 26 11 26 0;
13 26 0;
15 26 17 26 0;
39 26 40 26 0;
46 26 50 26 0;
10 27 0;
33 27 0;
38 27 0;
41 27 0;
45 27 46 27 0;
50 27 0;
9 28 0;
34 28 37 28 0;
42 28 0;
44 28 0;
49 28 0;
9 29 0;
35 29 0;
43 29 0;
48 29 0;
9 30 0;
23 30 0;
30 30 0;
34 30 0;
36 30 38 30 0;
44 30 0;
47 30 0;
9 31 0;
24 31 0;
31 31 33 31 0;
35 31 0;
38 31 40 31 0;
45 31 46 31 0;
9 32 0;
13 32 0;
15 32 0;
24 32 25 32 0;
29 32 31 32 0;
35 32 0;
41 32 42 32 0;
45 32 0;
10 33 11 33 0;
17 33 18 33 0;
25 33 28 33 0;
30 33 0;
32 33 0;
36 33 0;
43 33 44 33 0;
10 34 0;
20 34 0;
26 34 0;
30 34 0;
33 34 34 34 0;
36 34 0;
45 34 0;
10 35 0;
26 35 0;
30 35 0;
34 35 35 35 0;
46 35 0;
11 36 0;
22 36 0;
27 36 0;
31 36 0;
36 36 37 36 0;
47 36 0;
11 37 0;
28 37 0;
31 37 0;
38 37 39 37 0;
48 37 0;
12 38 0;
24 38 0;
29 38 0;
32 38 0;
40 38 41 38 0;
49 38 0;
12 39 0;
25 39 0;
28 39 0;
30 39 32 39 0;
42 39 44 39 0;
49 39 0;
13 40 0;
26 40 0;
29 40 0;
31 40 34 40 0;
45 40 50 40 0;
14 41 0;
26 41 0;
30 41 0;
32 41 37 41 0;
51 41 0;
15 42 17 42 0;
27 42 0;
29 42 0;
31 42 0;
33 42 43 42 0;
51 42 0;
10 43 15 43 0;
18 43 20 43 0;
27 43 0;
30 43 0;
32 43 35 43 0;
40 43 42 43 0;
44 43 50 43 0;
9 44 0;
12 44 0;
21 44 23 44 0;
27 44 0;
29 44 0;
31 44 33 44 0;
39 44 40 44 0;
8 45 0;
12 45 14 45 0;
23 45 33 45 0;
41 45 42 45 0;
8 46 0;
10 46 11 46 0;
15 46 0;
20 46 22 46 0;
25 46 26 46 0;
28 46 31 46 0;
33 46 0;
38 46 40 46 0;
43 46 0;
9 47 0;
11 47 0;
13 47 19 47 0;
24 47 0;
29 47 0;
34 47 37 47 0;
41 47 0;
43 47 0;
12 48 0;
24 48 0;
26 48 28 48 0;
31 48 33 48 0;
42 48 0;
25 49 0;
29 49 30 49 0;
