018 Pidgeot;
3;
23 1 24 1 0;
26 1 0;
35 1 0;
25 2 0;
27 2 0;
36 2 37 2 0;
26 3 0;
28 3 0;
36 3 0;
38 3 0;
27 4 0;
29 4 0;
37 4 0;
39 4 0;
27 5 0;
30 5 0;
37 5 0;
39 5 0;
42 5 0;
27 6 0;
31 6 0;
37 6 0;
39 6 0;
43 6 0;
27 7 0;
31 7 0;
38 7 0;
40 7 0;
43 7 0;
27 8 0;
31 8 0;
38 8 0;
40 8 0;
42 8 0;
44 8 0;
48 8 49 8 0;
26 9 0;
31 9 0;
38 9 0;
40 9 0;
42 9 0;
44 9 0;
47 9 0;
50 9 0;
26 10 0;
31 10 0;
37 10 0;
40 10 42 10 0;
44 10 0;
46 10 0;
49 10 0;
51 10 0;
25 11 0;
30 11 0;
36 11 0;
40 11 41 11 0;
44 11 45 11 0;
49 11 0;
51 11 0;
25 12 0;
29 12 30 12 0;
35 12 0;
39 12 40 12 0;
44 12 0;
48 12 0;
51 12 52 12 0;
24 13 0;
28 13 29 13 0;
33 13 34 13 0;
38 13 40 13 0;
43 13 0;
47 13 0;
50 13 0;
52 13 0;
23 14 0;
27 14 29 14 0;
31 14 32 14 0;
37 14 39 14 0;
42 14 0;
46 14 0;
50 14 0;
52 14 0;
22 15 0;
25 15 30 15 0;
36 15 39 15 0;
41 15 0;
46 15 0;
49 15 0;
52 15 0;
21 16 27 16 0;
33 16 38 16 0;
40 16 0;
45 16 0;
49 16 0;
52 16 0;
20 17 25 17 0;
30 17 32 17 0;
35 17 37 17 0;
39 17 0;
44 17 0;
49 17 0;
53 17 0;
18 18 19 18 0;
27 18 29 18 0;
33 18 35 18 0;
38 18 0;
43 18 0;
48 18 0;
53 18 0;
15 19 17 19 0;
23 19 26 19 0;
31 19 34 19 0;
36 19 37 19 0;
43 19 0;
48 19 0;
53 19 0;
13 20 14 20 0;
20 20 22 20 0;
28 20 32 20 0;
35 20 0;
42 20 0;
47 20 0;
53 20 0;
12 21 0;
18 21 19 21 0;
24 21 29 21 0;
33 21 34 21 0;
41 21 0;
47 21 0;
53 21 0;
11 22 0;
16 22 17 22 0;
21 22 25 22 0;
32 22 0;
41 22 0;
47 22 0;
52 22 0;
10 23 0;
15 23 0;
20 23 21 23 0;
30 23 31 23 0;
40 23 0;
46 23 0;
52 23 0;
9 24 0;
14 24 0;
18 24 19 24 0;
28 24 32 24 0;
39 24 0;
46 24 0;
52 24 0;
8 25 0;
11 25 0;
13 25 0;
17 25 0;
24 25 28 25 0;
33 25 34 25 0;
39 25 0;
46 25 0;
52 25 0;
8 26 0;
10 26 0;
12 26 0;
16 26 0;
20 26 23 26 0;
26 26 27 26 0;
35 26 0;
38 26 0;
45 26 0;
51 26 0;
7 27 0;
9 27 0;
11 27 0;
15 27 19 27 0;
25 27 26 27 0;
36 27 37 27 0;
51 27 0;
7 28 0;
9 28 0;
11 28 0;
14 28 16 28 0;
25 28 0;
36 28 39 28 0;
44 28 0;
51 28 0;
7 29 0;
10 29 0;
13 29 14 29 0;
24 29 0;
35 29 0;
40 29 0;
44 29 0;
50 29 0;
6 30 0;
8 30 0;
10 30 0;
12 30 13 30 0;
23 30 0;
34 30 0;
41 30 0;
50 30 0;
6 31 0;
9 31 0;
11 31 12 31 0;
23 31 0;
33 31 0;
41 31 0;
43 31 0;
49 31 0;
6 32 0;
9 32 0;
11 32 0;
22 32 0;
42 32 43 32 0;
49 32 0;
6 33 0;
8 33 0;
10 33 11 33 0;
22 33 0;
42 33 0;
48 33 0;
5 34 0;
8 34 0;
10 34 0;
13 34 16 34 0;
22 34 0;
41 34 42 34 0;
48 34 0;
5 35 0;
7 35 0;
9 35 10 35 0;
12 35 0;
16 35 17 35 0;
22 35 0;
40 35 0;
43 35 0;
47 35 0;
5 36 0;
7 36 0;
9 36 0;
11 36 13 36 0;
17 36 18 36 0;
22 36 0;
39 36 0;
44 36 0;
46 36 0;
5 37 10 37 0;
12 37 13 37 0;
17 37 19 37 0;
22 37 0;
38 37 0;
44 37 45 37 0;
4 38 0;
8 38 19 38 0;
22 38 0;
44 38 45 38 0;
3 39 0;
9 39 12 39 0;
18 39 19 39 0;
22 39 0;
44 39 0;
2 40 0;
9 40 0;
18 40 19 40 0;
23 40 0;
43 40 0;
45 40 0;
1 41 0;
8 41 9 41 0;
19 41 0;
23 41 0;
42 41 0;
45 41 0;
1 42 9 42 0;
24 42 0;
41 42 0;
46 42 0;
6 43 9 43 0;
25 43 0;
40 43 0;
46 43 0;
6 44 0;
9 44 0;
26 44 27 44 0;
37 44 39 44 0;
44 44 46 44 0;
5 45 0;
8 45 20 45 0;
28 45 36 45 0;
40 45 43 45 0;
47 45 49 45 0;
5 46 7 46 0;
16 46 27 46 0;
38 46 39 46 0;
42 46 43 46 0;
50 46 0;
14 47 18 47 0;
20 47 25 47 0;
33 47 37 47 0;
43 47 0;
47 47 48 47 0;
51 47 0;
12 48 16 48 0;
19 48 23 48 0;
30 48 33 48 0;
39 48 41 48 0;
46 48 47 48 0;
49 48 51 48 0;
11 49 15 49 0;
17 49 22 49 0;
29 49 0;
37 49 39 49 0;
44 49 45 49 0;
51 49 0;
11 50 14 50 0;
17 50 20 50 0;
28 50 37 50 0;
42 50 43 50 0;
11 51 12 51 0;
16 51 19 51 0;
28 51 0;
35 51 0;
40 51 41 51 0;
12 52 0;
15 52 18 52 0;
34 52 0;
38 52 39 52 0;
15 53 16 53 0;
33 53 0;
37 53 0;
16 54 0;
32 54 0;
34 54 36 54 0;
32 55 33 55 0;
