019 Rattata;
7;
15 12 21 12 0;
14 13 0;
22 13 24 13 0;
13 14 0;
17 14 20 14 0;
25 14 27 14 0;
13 15 0;
16 15 0;
21 15 23 15 0;
28 15 29 15 0;
14 16 0;
17 16 0;
22 16 0;
24 16 26 16 0;
30 16 31 16 0;
15 17 16 17 0;
22 17 0;
27 17 28 17 0;
32 17 0;
17 18 21 18 0;
29 18 30 18 0;
33 18 0;
31 19 0;
34 19 0;
30 20 35 20 0;
28 21 29 21 0;
36 21 0;
19 22 21 22 0;
27 22 0;
37 22 0;
18 23 0;
22 23 0;
26 23 0;
38 23 0;
18 24 0;
23 24 0;
25 24 0;
29 24 32 24 0;
38 24 0;
18 25 0;
22 25 0;
24 25 26 25 0;
28 25 0;
33 25 0;
39 25 0;
18 26 0;
21 26 22 26 0;
27 26 0;
31 26 0;
33 26 0;
39 26 0;
16 27 0;
19 27 21 27 0;
30 27 0;
33 27 0;
39 27 0;
15 28 0;
17 28 0;
19 28 0;
26 28 0;
30 28 0;
33 28 0;
40 28 0;
16 29 0;
18 29 0;
25 29 0;
27 29 0;
29 29 0;
32 29 0;
40 29 0;
17 30 0;
24 30 0;
27 30 0;
29 30 0;
32 30 0;
41 30 0;
16 31 0;
18 31 0;
20 31 0;
23 31 0;
25 31 0;
27 31 0;
30 31 31 31 0;
37 31 0;
42 31 0;
16 32 0;
24 32 26 32 0;
30 32 32 32 0;
37 32 0;
42 32 0;
17 33 20 33 0;
27 33 29 33 0;
33 33 0;
36 33 0;
38 33 0;
43 33 0;
17 34 0;
21 34 22 34 0;
30 34 32 34 0;
35 34 0;
39 34 0;
43 34 0;
16 35 0;
18 35 0;
22 35 23 35 0;
27 35 30 35 0;
34 35 0;
40 35 0;
44 35 0;
16 36 0;
18 36 0;
21 36 24 36 0;
29 36 0;
34 36 0;
40 36 0;
44 36 0;
17 37 25 37 0;
29 37 0;
33 37 0;
39 37 0;
42 37 0;
44 37 0;
18 38 0;
20 38 25 38 0;
28 38 0;
34 38 0;
39 38 43 38 0;
18 39 0;
22 39 25 39 0;
27 39 29 39 0;
34 39 0;
18 40 0;
21 40 24 40 0;
26 40 0;
29 40 0;
34 40 0;
17 41 0;
20 41 0;
22 41 0;
24 41 25 41 0;
29 41 30 41 0;
34 41 0;
17 42 0;
21 42 24 42 0;
30 42 0;
35 42 0;
16 43 0;
18 43 0;
20 43 21 43 0;
30 43 31 43 0;
33 43 0;
35 43 0;
17 44 20 44 0;
31 44 34 44 0;
