002 Ivysaur;
1;
34 8 37 8 0;
31 9 33 9 0;
37 9 39 9 0;
29 10 30 10 0;
37 10 0;
40 10 41 10 0;
28 11 0;
37 11 0;
41 11 42 11 0;
27 12 0;
38 12 0;
41 12 0;
43 12 0;
26 13 0;
38 13 39 13 0;
41 13 43 13 0;
26 14 0;
39 14 0;
41 14 0;
44 14 0;
12 15 14 15 0;
25 15 0;
30 15 31 15 0;
40 15 0;
44 15 0;
12 16 0;
15 16 0;
25 16 0;
28 16 29 16 0;
31 16 0;
40 16 0;
44 16 0;
12 17 13 17 0;
16 17 0;
25 17 27 17 0;
30 17 31 17 0;
39 17 0;
44 17 0;
12 18 13 18 0;
16 18 24 18 0;
29 18 31 18 0;
39 18 0;
44 18 0;
13 19 15 19 0;
28 19 30 19 0;
38 19 0;
43 19 0;
13 20 0;
28 20 29 20 0;
36 20 37 20 0;
43 20 0;
12 21 0;
29 21 35 21 0;
42 21 0;
11 22 12 22 0;
30 22 0;
42 22 0;
11 23 0;
13 23 0;
22 23 24 23 0;
31 23 0;
41 23 0;
11 24 0;
13 24 14 24 0;
21 24 22 24 0;
24 24 0;
32 24 0;
41 24 0;
10 25 0;
13 25 14 25 0;
20 25 22 25 0;
33 25 0;
39 25 43 25 0;
10 26 0;
27 26 0;
34 26 0;
37 26 38 26 0;
43 26 44 26 0;
10 27 0;
24 27 26 27 0;
35 27 0;
37 27 0;
39 27 0;
42 27 0;
45 27 0;
11 28 14 28 0;
20 28 23 28 0;
36 28 0;
40 28 0;
46 28 0;
12 29 0;
15 29 19 29 0;
24 29 0;
36 29 0;
38 29 39 29 0;
41 29 0;
46 29 0;
13 30 0;
25 30 0;
28 30 0;
36 30 37 30 0;
42 30 0;
45 30 0;
47 30 0;
14 31 15 31 0;
26 31 27 31 0;
35 31 0;
37 31 0;
39 31 40 31 0;
43 31 0;
48 31 49 31 0;
14 32 0;
16 32 19 32 0;
26 32 0;
34 32 0;
38 32 0;
42 32 0;
44 32 0;
48 32 0;
13 33 0;
17 33 0;
25 33 0;
34 33 0;
39 33 0;
41 33 0;
45 33 0;
47 33 0;
11 34 12 34 0;
17 34 0;
25 34 0;
34 34 0;
39 34 40 34 0;
43 34 0;
45 34 0;
48 34 0;
10 35 0;
12 35 0;
17 35 0;
25 35 26 35 0;
30 35 31 35 0;
33 35 0;
40 35 0;
42 35 0;
44 35 0;
46 35 47 35 0;
11 36 12 36 0;
16 36 0;
18 36 0;
25 36 0;
27 36 29 36 0;
32 36 34 36 0;
41 36 0;
43 36 0;
45 36 46 36 0;
48 36 0;
11 37 0;
13 37 16 37 0;
18 37 0;
26 37 27 37 0;
30 37 31 37 0;
36 37 0;
41 37 0;
47 37 48 37 0;
12 38 0;
14 38 0;
16 38 0;
19 38 0;
28 38 29 38 0;
37 38 0;
41 38 0;
13 39 0;
15 39 0;
20 39 0;
28 39 0;
41 39 0;
14 40 0;
21 40 0;
28 40 0;
38 40 0;
41 40 0;
14 41 0;
22 41 0;
28 41 0;
38 41 0;
41 41 0;
14 42 0;
23 42 0;
28 42 0;
40 42 0;
15 43 0;
24 43 25 43 0;
29 43 0;
40 43 0;
16 44 18 44 0;
24 44 0;
26 44 28 44 0;
30 44 0;
38 44 39 44 0;
17 45 0;
19 45 23 45 0;
29 45 31 45 0;
33 45 34 45 0;
36 45 38 45 0;
16 46 0;
18 46 0;
21 46 0;
23 46 0;
28 46 0;
31 46 32 46 0;
35 46 0;
38 46 0;
17 47 0;
19 47 20 47 0;
22 47 0;
29 47 30 47 0;
32 47 34 47 0;
36 47 37 47 0;
