020 Raticate;
7;
43 5 44 5 0;
43 6 0;
45 6 0;
17 7 21 7 0;
27 7 28 7 0;
32 7 33 7 0;
43 7 0;
46 7 0;
15 8 16 8 0;
22 8 24 8 0;
26 8 0;
28 8 29 8 0;
31 8 0;
34 8 0;
37 8 40 8 0;
44 8 0;
47 8 0;
5 9 6 9 0;
12 9 14 9 0;
19 9 0;
25 9 0;
30 9 0;
34 9 36 9 0;
41 9 42 9 0;
45 9 0;
48 9 0;
4 10 0;
7 10 8 10 0;
11 10 0;
18 10 19 10 0;
33 10 0;
37 10 41 10 0;
43 10 0;
45 10 0;
48 10 0;
5 11 6 11 0;
9 11 10 11 0;
13 11 16 11 0;
24 11 30 11 0;
35 11 36 11 0;
42 11 0;
44 11 0;
46 11 0;
49 11 0;
7 12 8 12 0;
10 12 0;
12 12 13 12 0;
16 12 18 12 0;
23 12 0;
25 12 0;
29 12 0;
34 12 0;
43 12 44 12 0;
46 12 0;
49 12 0;
8 13 9 13 0;
12 13 0;
18 13 19 13 0;
23 13 25 13 0;
29 13 0;
33 13 0;
43 13 0;
46 13 0;
49 13 0;
9 14 0;
11 14 0;
19 14 0;
24 14 25 14 0;
28 14 0;
33 14 0;
44 14 0;
47 14 0;
50 14 0;
7 15 9 15 0;
11 15 0;
13 15 0;
17 15 20 15 0;
26 15 27 15 0;
33 15 34 15 0;
43 15 0;
47 15 0;
50 15 0;
6 16 0;
9 16 10 16 0;
12 16 0;
16 16 20 16 0;
26 16 27 16 0;
35 16 44 16 0;
47 16 48 16 0;
50 16 0;
7 17 10 17 0;
12 17 0;
16 17 20 17 0;
30 17 34 17 0;
45 17 0;
47 17 0;
50 17 0;
10 18 12 18 0;
15 18 21 18 0;
37 18 44 18 0;
47 18 0;
51 18 0;
12 19 21 19 0;
31 19 36 19 0;
41 19 0;
47 19 49 19 0;
51 19 0;
13 20 21 20 0;
34 20 35 20 0;
42 20 0;
47 20 0;
50 20 51 20 0;
13 21 22 21 0;
31 21 32 21 0;
36 21 0;
42 21 0;
47 21 0;
51 21 0;
11 22 22 22 0;
27 22 0;
33 22 35 22 0;
43 22 0;
47 22 49 22 0;
51 22 0;
11 23 0;
13 23 0;
15 23 22 23 0;
28 23 0;
44 23 0;
46 23 0;
50 23 51 23 0;
10 24 0;
13 24 0;
15 24 22 24 0;
29 24 30 24 0;
42 24 44 24 0;
46 24 0;
51 24 0;
10 25 0;
13 25 0;
16 25 21 25 0;
26 25 27 25 0;
31 25 0;
43 25 0;
46 25 48 25 0;
50 25 0;
9 26 10 26 0;
16 26 21 26 0;
28 26 29 26 0;
32 26 33 26 0;
43 26 0;
45 26 0;
49 26 50 26 0;
7 27 8 27 0;
10 27 0;
16 27 20 27 0;
30 27 31 27 0;
34 27 35 27 0;
44 27 0;
50 27 0;
5 28 6 28 0;
9 28 11 28 0;
17 28 19 28 0;
32 28 33 28 0;
36 28 37 28 0;
44 28 47 28 0;
50 28 0;
4 29 0;
6 29 8 29 0;
11 29 0;
17 29 18 29 0;
34 29 35 29 0;
38 29 0;
45 29 0;
48 29 0;
50 29 0;
4 30 5 30 0;
10 30 0;
12 30 17 30 0;
36 30 37 30 0;
39 30 0;
45 30 46 30 0;
49 30 0;
10 31 0;
31 31 32 31 0;
38 31 0;
46 31 0;
48 31 0;
11 32 0;
30 32 0;
33 32 0;
46 32 0;
48 32 0;
7 33 9 33 0;
12 33 13 33 0;
29 33 30 33 0;
33 33 0;
46 33 47 33 0;
6 34 0;
10 34 15 34 0;
26 34 28 34 0;
30 34 0;
32 34 0;
34 34 0;
46 34 47 34 0;
6 35 0;
11 35 16 35 0;
25 35 0;
28 35 0;
31 35 0;
34 35 35 35 0;
46 35 0;
6 36 7 36 0;
9 36 0;
12 36 17 36 0;
25 36 0;
29 36 0;
33 36 0;
35 36 0;
45 36 0;
5 37 0;
7 37 0;
9 37 0;
13 37 17 37 0;
26 37 29 37 0;
32 37 0;
35 37 0;
37 37 0;
45 37 0;
5 38 0;
8 38 0;
11 38 12 38 0;
15 38 17 38 0;
28 38 0;
33 38 36 38 0;
45 38 0;
5 39 0;
8 39 0;
10 39 12 39 0;
15 39 16 39 0;
18 39 0;
29 39 31 39 0;
34 39 0;
44 39 0;
6 40 0;
8 40 11 40 0;
13 40 14 40 0;
18 40 0;
30 40 0;
34 40 0;
44 40 0;
7 41 0;
9 41 0;
11 41 0;
19 41 0;
31 41 33 41 0;
43 41 0;
10 42 0;
20 42 0;
42 42 0;
20 43 22 43 0;
41 43 42 43 0;
18 44 24 44 0;
38 44 43 44 0;
14 45 17 45 0;
20 45 28 45 0;
35 45 41 45 0;
43 45 0;
11 46 13 46 0;
21 46 25 46 0;
29 46 38 46 0;
44 46 45 46 0;
10 47 0;
22 47 24 47 0;
36 47 37 47 0;
46 47 0;
10 48 0;
12 48 0;
15 48 16 48 0;
20 48 22 48 0;
36 48 0;
46 48 0;
11 49 12 49 0;
14 49 15 49 0;
18 49 19 49 0;
35 49 0;
39 49 0;
43 49 0;
46 49 0;
13 50 0;
15 50 0;
17 50 18 50 0;
35 50 0;
37 50 38 50 0;
40 50 0;
43 50 0;
45 50 0;
16 51 0;
36 51 0;
41 51 42 51 0;
44 51 0;
