021 Spearow;
3;
20 12 0;
25 12 28 12 0;
19 13 20 13 0;
23 13 24 13 0;
27 13 0;
18 14 0;
20 14 0;
22 14 0;
26 14 0;
17 15 0;
19 15 0;
21 15 0;
25 15 0;
31 15 33 15 0;
16 16 0;
19 16 20 16 0;
24 16 25 16 0;
28 16 30 16 0;
34 16 0;
16 17 0;
22 17 27 17 0;
32 17 33 17 0;
16 18 0;
21 18 0;
31 18 32 18 0;
17 19 0;
31 19 0;
41 19 42 19 0;
17 20 19 20 0;
23 20 26 20 0;
30 20 31 20 0;
35 20 0;
40 20 0;
42 20 0;
17 21 0;
19 21 22 21 0;
25 21 0;
30 21 0;
34 21 0;
36 21 0;
39 21 0;
42 21 0;
15 22 16 22 0;
20 22 21 22 0;
23 22 25 22 0;
30 22 0;
33 22 0;
36 22 0;
38 22 0;
42 22 0;
14 23 0;
21 23 0;
23 23 0;
25 23 0;
29 23 33 23 0;
36 23 0;
38 23 0;
41 23 0;
13 24 0;
22 24 24 24 0;
27 24 33 24 0;
37 24 0;
40 24 43 24 0;
13 25 0;
21 25 22 25 0;
27 25 33 25 0;
37 25 0;
39 25 40 25 0;
44 25 0;
13 26 0;
20 26 22 26 0;
25 26 0;
28 26 34 26 0;
37 26 39 26 0;
44 26 0;
14 27 0;
16 27 21 27 0;
26 27 33 27 0;
36 27 37 27 0;
43 27 0;
15 28 0;
19 28 0;
27 28 33 28 0;
35 28 36 28 0;
42 28 0;
18 29 0;
28 29 32 29 0;
35 29 0;
41 29 43 29 0;
18 30 0;
28 30 31 30 0;
34 30 0;
39 30 40 30 0;
44 30 0;
18 31 0;
25 31 0;
29 31 30 31 0;
38 31 0;
44 31 0;
19 32 0;
23 32 24 32 0;
26 32 0;
29 32 0;
37 32 0;
43 32 0;
19 33 0;
23 33 24 33 0;
27 33 0;
29 33 0;
36 33 0;
41 33 42 33 0;
20 34 24 34 0;
28 34 29 34 0;
39 34 40 34 0;
43 34 0;
21 35 23 35 0;
30 35 0;
38 35 0;
43 35 0;
22 36 23 36 0;
29 36 30 36 0;
42 36 0;
21 37 0;
23 37 24 37 0;
27 37 29 37 0;
31 37 0;
37 37 41 37 0;
20 38 0;
22 38 27 38 0;
30 38 0;
32 38 0;
38 38 39 38 0;
14 39 19 39 0;
22 39 23 39 0;
26 39 38 39 0;
13 40 0;
23 40 24 40 0;
26 40 29 40 0;
32 40 33 40 0;
13 41 0;
15 41 26 41 0;
30 41 31 41 0;
34 41 36 41 0;
13 42 14 42 0;
22 42 0;
27 42 29 42 0;
32 42 33 42 0;
37 42 0;
23 43 26 43 0;
34 43 37 43 0;
