022 Fearow;
3;
12 5 21 5 0;
9 6 11 6 0;
18 6 0;
22 6 23 6 0;
27 6 0;
7 7 8 7 0;
19 7 0;
24 7 26 7 0;
28 7 0;
6 8 0;
20 8 0;
26 8 27 8 0;
29 8 0;
5 9 0;
18 9 22 9 0;
29 9 0;
4 10 0;
15 10 17 10 0;
23 10 24 10 0;
30 10 0;
4 11 0;
14 11 21 11 0;
31 11 0;
5 12 0;
11 12 20 12 0;
26 12 0;
32 12 33 12 0;
4 13 0;
9 13 26 13 0;
33 13 38 13 0;
3 14 0;
8 14 27 14 0;
31 14 32 14 0;
35 14 0;
39 14 42 14 0;
3 15 0;
7 15 13 15 0;
15 15 19 15 0;
21 15 0;
23 15 24 15 0;
26 15 30 15 0;
34 15 0;
43 15 44 15 0;
2 16 0;
6 16 11 16 0;
14 16 20 16 0;
23 16 0;
25 16 27 16 0;
29 16 0;
31 16 0;
33 16 0;
45 16 46 16 0;
2 17 0;
5 17 10 17 0;
13 17 18 17 0;
22 17 0;
26 17 0;
32 17 0;
47 17 48 17 0;
2 18 0;
4 18 8 18 0;
12 18 18 18 0;
21 18 0;
25 18 0;
31 18 0;
49 18 0;
2 19 0;
4 19 7 19 0;
11 19 17 19 0;
31 19 0;
45 19 46 19 0;
50 19 0;
2 20 0;
4 20 6 20 0;
10 20 12 20 0;
14 20 17 20 0;
24 20 0;
30 20 0;
47 20 48 20 0;
50 20 0;
2 21 0;
4 21 5 21 0;
10 21 11 21 0;
16 21 21 21 0;
29 21 0;
49 21 0;
3 22 4 22 0;
12 22 15 22 0;
18 22 26 22 0;
28 22 0;
43 22 44 22 0;
50 22 0;
3 23 0;
8 23 11 23 0;
16 23 0;
19 23 0;
21 23 0;
25 23 0;
29 23 0;
45 23 46 23 0;
51 23 0;
3 24 0;
5 24 7 24 0;
20 24 21 24 0;
24 24 0;
29 24 0;
46 24 49 24 0;
51 24 0;
4 25 0;
10 25 23 25 0;
29 25 0;
43 25 0;
48 25 51 25 0;
5 26 9 26 0;
13 26 14 26 0;
18 26 19 26 0;
28 26 29 26 0;
43 26 44 26 0;
49 26 52 26 0;
11 27 12 27 0;
17 27 18 27 0;
27 27 28 27 0;
38 27 39 27 0;
45 27 0;
50 27 52 27 0;
10 28 0;
15 28 17 28 0;
25 28 0;
27 28 30 28 0;
34 28 0;
40 28 0;
44 28 46 28 0;
50 28 52 28 0;
9 29 16 29 0;
19 29 31 29 0;
35 29 0;
41 29 0;
45 29 47 29 0;
51 29 53 29 0;
16 30 0;
27 30 28 30 0;
31 30 32 30 0;
36 30 0;
41 30 42 30 0;
46 30 48 30 0;
51 30 53 30 0;
17 31 0;
19 31 0;
26 31 27 31 0;
29 31 30 31 0;
33 31 0;
36 31 0;
41 31 43 31 0;
46 31 49 31 0;
51 31 0;
53 31 0;
18 32 21 32 0;
23 32 24 32 0;
31 32 33 32 0;
35 32 37 32 0;
41 32 43 32 0;
47 32 49 32 0;
52 32 53 32 0;
19 33 0;
34 33 37 33 0;
41 33 44 33 0;
47 33 50 33 0;
52 33 0;
54 33 0;
18 34 0;
20 34 0;
35 34 38 34 0;
41 34 45 34 0;
47 34 50 34 0;
52 34 0;
54 34 0;
16 35 17 35 0;
19 35 22 35 0;
33 35 38 35 0;
40 35 0;
42 35 44 35 0;
46 35 0;
49 35 51 35 0;
54 35 0;
15 36 0;
18 36 0;
20 36 0;
22 36 24 36 0;
30 36 32 36 0;
35 36 38 36 0;
40 36 0;
43 36 44 36 0;
49 36 50 36 0;
54 36 0;
14 37 0;
16 37 17 37 0;
19 37 0;
21 37 0;
25 37 29 37 0;
34 37 37 37 0;
39 37 40 37 0;
43 37 0;
49 37 0;
51 37 0;
53 37 0;
14 38 15 38 0;
18 38 0;
20 38 0;
27 38 0;
34 38 35 38 0;
37 38 0;
40 38 0;
51 38 0;
53 38 0;
16 39 17 39 0;
19 39 0;
28 39 0;
32 39 33 39 0;
35 39 0;
37 39 0;
40 39 0;
51 39 0;
53 39 0;
15 40 0;
18 40 0;
29 40 34 40 0;
40 40 0;
51 40 52 40 0;
16 41 17 41 0;
28 41 0;
31 41 32 41 0;
34 41 0;
40 41 0;
44 41 0;
48 41 0;
51 41 0;
27 42 0;
30 42 0;
33 42 0;
39 42 0;
44 42 0;
48 42 0;
51 42 0;
26 43 0;
29 43 0;
32 43 0;
38 43 0;
44 43 0;
48 43 0;
50 43 0;
25 44 0;
27 44 0;
29 44 0;
31 44 0;
38 44 0;
43 44 0;
48 44 0;
50 44 0;
24 45 0;
26 45 27 45 0;
29 45 30 45 0;
37 45 0;
43 45 0;
48 45 49 45 0;
23 46 0;
25 46 26 46 0;
29 46 0;
36 46 0;
42 46 0;
47 46 0;
22 47 0;
24 47 0;
26 47 0;
28 47 0;
36 47 0;
41 47 0;
46 47 0;
22 48 23 48 0;
26 48 27 48 0;
31 48 0;
35 48 0;
41 48 0;
45 48 0;
23 49 25 49 0;
29 49 30 49 0;
34 49 0;
40 49 0;
44 49 0;
20 50 22 50 0;
27 50 28 50 0;
32 50 33 50 0;
39 50 43 50 0;
19 51 0;
24 51 26 51 0;
29 51 31 51 0;
36 51 38 51 0;
20 52 28 52 0;
32 52 35 52 0;
