023 Ekans;
6;
27 13 34 13 0;
24 14 28 14 0;
35 14 36 14 0;
19 15 23 15 0;
29 15 0;
37 15 0;
17 16 18 16 0;
30 16 0;
38 16 0;
16 17 0;
30 17 0;
39 17 0;
15 18 0;
21 18 23 18 0;
26 18 0;
28 18 33 18 0;
39 18 0;
15 19 20 19 0;
22 19 0;
24 19 0;
27 19 28 19 0;
34 19 0;
40 19 0;
43 19 0;
15 20 16 20 0;
20 20 0;
22 20 0;
24 20 0;
27 20 0;
35 20 0;
40 20 0;
43 20 0;
14 21 0;
21 21 23 21 0;
26 21 27 21 0;
35 21 37 21 0;
40 21 0;
42 21 0;
44 21 0;
14 22 0;
26 22 0;
34 22 0;
38 22 0;
40 22 0;
42 22 0;
44 22 0;
14 23 15 23 0;
18 23 0;
25 23 0;
34 23 0;
39 23 0;
41 23 0;
43 23 0;
13 24 0;
21 24 22 24 0;
25 24 0;
33 24 0;
39 24 0;
41 24 0;
43 24 0;
13 25 0;
19 25 22 25 0;
24 25 0;
31 25 32 25 0;
38 25 39 25 0;
41 25 42 25 0;
14 26 21 26 0;
23 26 0;
28 26 30 26 0;
38 26 0;
40 26 0;
43 26 0;
16 27 20 27 0;
22 27 0;
26 27 27 27 0;
31 27 32 27 0;
37 27 0;
40 27 0;
43 27 0;
17 28 0;
21 28 0;
24 28 25 28 0;
33 28 0;
36 28 0;
41 28 42 28 0;
18 29 20 29 0;
23 29 0;
34 29 35 29 0;
40 29 0;
43 29 0;
22 30 0;
31 30 33 30 0;
40 30 0;
43 30 0;
21 31 0;
28 31 31 31 0;
40 31 42 31 0;
19 32 21 32 0;
27 32 0;
31 32 32 32 0;
39 32 0;
43 32 0;
17 33 19 33 0;
21 33 0;
29 33 30 33 0;
33 33 0;
39 33 0;
43 33 0;
16 34 0;
20 34 29 34 0;
34 34 0;
38 34 39 34 0;
43 34 0;
15 35 0;
19 35 0;
30 35 0;
35 35 0;
37 35 0;
40 35 42 35 0;
15 36 0;
18 36 0;
31 36 0;
35 36 36 36 0;
42 36 0;
13 37 15 37 0;
18 37 0;
31 37 0;
35 37 0;
42 37 0;
12 38 0;
15 38 0;
18 38 0;
31 38 0;
34 38 36 38 0;
41 38 0;
11 39 0;
16 39 17 39 0;
19 39 0;
30 39 31 39 0;
33 39 34 39 0;
37 39 0;
41 39 0;
11 40 0;
15 40 0;
18 40 19 40 0;
28 40 32 40 0;
38 40 0;
40 40 0;
11 41 0;
14 41 0;
20 41 29 41 0;
33 41 0;
38 41 39 41 0;
11 42 0;
14 42 0;
19 42 0;
28 42 0;
34 42 0;
38 42 0;
12 43 0;
14 43 0;
19 43 0;
28 43 0;
34 43 0;
37 43 0;
13 44 14 44 0;
19 44 0;
28 44 0;
34 44 0;
36 44 0;
14 45 15 45 0;
19 45 0;
28 45 0;
34 45 35 45 0;
16 46 17 46 0;
20 46 0;
27 46 0;
33 46 34 46 0;
18 47 32 47 0;
