024 Arbok;
6;
17 0 23 0 0;
15 1 16 1 0;
24 1 25 1 0;
13 2 14 2 0;
26 2 27 2 0;
12 3 0;
28 3 30 3 0;
11 4 0;
27 4 0;
31 4 33 4 0;
10 5 0;
28 5 0;
34 5 36 5 0;
45 5 47 5 0;
9 6 10 6 0;
13 6 0;
24 6 0;
29 6 0;
37 6 38 6 0;
45 6 0;
48 6 50 6 0;
8 7 0;
10 7 0;
12 7 0;
14 7 0;
23 7 0;
25 7 0;
29 7 32 7 0;
39 7 0;
46 7 48 7 0;
51 7 0;
7 8 0;
10 8 0;
12 8 0;
14 8 15 8 0;
22 8 23 8 0;
25 8 0;
29 8 34 8 0;
40 8 0;
48 8 49 8 0;
52 8 0;
6 9 0;
10 9 0;
13 9 0;
15 9 0;
22 9 0;
24 9 0;
29 9 0;
34 9 36 9 0;
41 9 0;
49 9 52 9 0;
5 10 0;
10 10 0;
13 10 0;
15 10 0;
22 10 0;
24 10 0;
28 10 29 10 0;
37 10 0;
42 10 0;
50 10 0;
53 10 0;
5 11 0;
8 11 0;
11 11 0;
14 11 15 11 0;
22 11 23 11 0;
27 11 29 11 0;
34 11 36 11 0;
38 11 0;
42 11 0;
50 11 0;
54 11 0;
4 12 0;
8 12 9 12 0;
12 12 0;
26 12 29 12 0;
33 12 37 12 0;
43 12 0;
51 12 0;
54 12 0;
4 13 0;
8 13 11 13 0;
13 13 0;
17 13 0;
20 13 0;
25 13 28 13 0;
32 13 35 13 0;
37 13 38 13 0;
43 13 0;
51 13 54 13 0;
3 14 0;
7 14 8 14 0;
10 14 12 14 0;
14 14 15 14 0;
23 14 28 14 0;
31 14 34 14 0;
37 14 39 14 0;
44 14 0;
51 14 0;
3 15 0;
7 15 8 15 0;
12 15 27 15 0;
30 15 33 15 0;
37 15 39 15 0;
44 15 0;
51 15 0;
3 16 0;
7 16 8 16 0;
14 16 15 16 0;
17 16 20 16 0;
22 16 26 16 0;
29 16 31 16 0;
35 16 0;
38 16 40 16 0;
44 16 0;
51 16 0;
3 17 0;
6 17 8 17 0;
11 17 0;
16 17 25 17 0;
28 17 29 17 0;
34 17 35 17 0;
38 17 40 17 0;
45 17 0;
2 18 0;
6 18 8 18 0;
12 18 0;
17 18 18 18 0;
21 18 24 18 0;
27 18 28 18 0;
31 18 34 18 0;
38 18 40 18 0;
45 18 0;
51 18 0;
2 19 0;
7 19 8 19 0;
12 19 14 19 0;
18 19 19 19 0;
22 19 23 19 0;
26 19 27 19 0;
29 19 34 19 0;
37 19 40 19 0;
45 19 0;
51 19 0;
2 20 0;
7 20 9 20 0;
13 20 16 20 0;
19 20 0;
25 20 26 20 0;
28 20 29 20 0;
32 20 33 20 0;
37 20 39 20 0;
45 20 0;
51 20 0;
2 21 0;
8 21 9 21 0;
13 21 14 21 0;
17 21 0;
19 21 20 21 0;
24 21 26 21 0;
28 21 0;
32 21 33 21 0;
36 21 39 21 0;
45 21 0;
50 21 0;
2 22 0;
8 22 10 22 0;
14 22 15 22 0;
18 22 20 22 0;
24 22 26 22 0;
28 22 0;
31 22 32 22 0;
34 22 38 22 0;
45 22 0;
50 22 0;
2 23 0;
9 23 11 23 0;
15 23 0;
18 23 20 23 0;
24 23 27 23 0;
29 23 30 23 0;
32 23 38 23 0;
45 23 0;
2 24 0;
10 24 13 24 0;
16 24 20 24 0;
25 24 37 24 0;
44 24 45 24 0;
49 24 0;
3 25 0;
7 25 0;
12 25 19 25 0;
25 25 36 25 0;
39 25 0;
44 25 0;
48 25 0;
3 26 0;
8 26 0;
13 26 18 26 0;
26 26 34 26 0;
39 26 0;
44 26 0;
47 26 0;
54 26 0;
4 27 0;
8 27 10 27 0;
15 27 17 27 0;
22 27 0;
29 27 32 27 0;
37 27 39 27 0;
43 27 44 27 0;
47 27 49 27 0;
54 27 0;
4 28 5 28 0;
8 28 12 28 0;
21 28 24 28 0;
36 28 38 28 0;
43 28 0;
46 28 0;
50 28 51 28 0;
54 28 0;
5 29 6 29 0;
9 29 13 29 0;
19 29 26 29 0;
34 29 38 29 0;
42 29 43 29 0;
45 29 0;
52 29 53 29 0;
6 30 7 30 0;
9 30 37 30 0;
42 30 0;
45 30 0;
53 30 0;
7 31 8 31 0;
11 31 37 31 0;
41 31 42 31 0;
44 31 0;
53 31 0;
8 32 9 32 0;
12 32 36 32 0;
40 32 41 32 0;
44 32 0;
53 32 0;
9 33 10 33 0;
14 33 35 33 0;
39 33 40 33 0;
44 33 0;
47 33 50 33 0;
52 33 0;
10 34 11 34 0;
16 34 33 34 0;
38 34 39 34 0;
45 34 46 34 0;
51 34 52 34 0;
8 35 12 35 0;
18 35 31 35 0;
37 35 38 35 0;
45 35 0;
52 35 0;
6 36 7 36 0;
10 36 14 36 0;
20 36 29 36 0;
36 36 37 36 0;
45 36 0;
53 36 0;
4 37 5 37 0;
12 37 0;
14 37 15 37 0;
23 37 26 37 0;
35 37 36 37 0;
46 37 0;
54 37 0;
3 38 0;
13 38 0;
15 38 17 38 0;
33 38 36 38 0;
46 38 47 38 0;
54 38 0;
3 39 0;
13 39 0;
16 39 19 39 0;
30 39 33 39 0;
35 39 37 39 0;
47 39 0;
2 40 0;
13 40 20 40 0;
29 40 32 40 0;
36 40 39 40 0;
48 40 0;
50 40 53 40 0;
2 41 0;
12 41 0;
17 41 23 41 0;
27 41 32 41 0;
35 41 36 41 0;
40 41 41 41 0;
48 41 49 41 0;
2 42 0;
5 42 9 42 0;
11 42 0;
17 42 29 42 0;
31 42 32 42 0;
34 42 35 42 0;
42 42 0;
48 42 0;
2 43 4 43 0;
10 43 11 43 0;
17 43 18 43 0;
21 43 28 43 0;
31 43 34 43 0;
43 43 44 43 0;
47 43 0;
1 44 3 44 0;
12 44 0;
17 44 0;
22 44 26 44 0;
30 44 34 44 0;
44 44 48 44 0;
1 45 2 45 0;
13 45 0;
16 45 17 45 0;
23 45 25 45 0;
30 45 34 45 0;
43 45 0;
49 45 0;
1 46 2 46 0;
11 46 0;
14 46 15 46 0;
18 46 0;
29 46 34 46 0;
43 46 0;
50 46 0;
1 47 2 47 0;
11 47 0;
19 47 0;
29 47 35 47 0;
42 47 0;
50 47 0;
53 47 54 47 0;
2 48 3 48 0;
10 48 0;
20 48 0;
28 48 30 48 0;
33 48 37 48 0;
42 48 0;
50 48 0;
52 48 53 48 0;
2 49 3 49 0;
10 49 0;
20 49 21 49 0;
27 49 29 49 0;
35 49 39 49 0;
41 49 0;
51 49 53 49 0;
3 50 4 50 0;
9 50 10 50 0;
21 50 22 50 0;
26 50 28 50 0;
37 50 42 50 0;
50 50 52 50 0;
4 51 10 51 0;
21 51 27 51 0;
40 51 43 51 0;
49 51 51 51 0;
5 52 10 52 0;
21 52 26 52 0;
41 52 50 52 0;
7 53 12 53 0;
19 53 25 53 0;
42 53 49 53 0;
9 54 23 54 0;
44 54 47 54 0;
12 55 20 55 0;
