025 Pikachu;
5;
26 7 0;
25 8 26 8 0;
24 9 28 9 0;
48 9 0;
26 10 27 10 0;
47 10 48 10 0;
12 11 15 11 0;
26 11 0;
35 11 39 11 0;
46 11 0;
48 11 0;
13 12 18 12 0;
33 12 39 12 0;
45 12 0;
48 12 0;
14 13 19 13 0;
32 13 38 13 0;
44 13 0;
48 13 0;
15 14 20 14 0;
31 14 0;
34 14 37 14 0;
43 14 0;
48 14 0;
16 15 0;
21 15 0;
30 15 0;
36 15 0;
42 15 0;
48 15 0;
10 16 0;
17 16 0;
22 16 0;
30 16 0;
35 16 0;
41 16 0;
48 16 0;
10 17 11 17 0;
18 17 0;
22 17 29 17 0;
34 17 0;
40 17 0;
47 17 0;
7 18 12 18 0;
19 18 0;
29 18 0;
32 18 33 18 0;
39 18 0;
46 18 0;
8 19 9 19 0;
18 19 0;
32 19 0;
40 19 0;
45 19 0;
9 20 0;
17 20 0;
19 20 0;
28 20 29 20 0;
33 20 0;
41 20 42 20 0;
46 20 0;
16 21 0;
18 21 0;
20 21 0;
27 21 0;
29 21 30 21 0;
33 21 0;
43 21 0;
47 21 0;
16 22 0;
18 22 20 22 0;
27 22 30 22 0;
34 22 0;
42 22 0;
45 22 48 22 0;
15 23 0;
19 23 0;
28 23 29 23 0;
34 23 0;
41 23 47 23 0;
15 24 16 24 0;
22 24 0;
31 24 32 24 0;
35 24 0;
40 24 46 24 0;
14 25 17 25 0;
30 25 31 25 0;
33 25 0;
35 25 0;
39 25 45 25 0;
14 26 0;
16 26 0;
19 26 0;
22 26 23 26 0;
27 26 0;
31 26 32 26 0;
36 26 0;
40 26 44 26 0;
14 27 0;
20 27 21 27 0;
24 27 26 27 0;
36 27 0;
41 27 45 27 0;
13 28 15 28 0;
31 28 32 28 0;
36 28 0;
42 28 46 28 0;
13 29 0;
16 29 0;
30 29 0;
33 29 0;
36 29 0;
43 29 46 29 0;
13 30 0;
17 30 0;
29 30 0;
33 30 0;
37 30 0;
44 30 47 30 0;
14 31 0;
32 31 0;
37 31 0;
45 31 48 31 0;
15 32 0;
30 32 31 32 0;
36 32 37 32 0;
46 32 49 32 0;
14 33 0;
34 33 38 33 0;
44 33 48 33 0;
14 34 0;
33 34 38 34 0;
42 34 46 34 0;
14 35 0;
32 35 33 35 0;
38 35 0;
40 35 44 35 0;
14 36 0;
28 36 0;
38 36 0;
40 36 42 36 0;
13 37 14 37 0;
27 37 0;
38 37 0;
41 37 43 37 0;
12 38 0;
15 38 0;
27 38 0;
37 38 43 38 0;
12 39 0;
15 39 0;
27 39 0;
35 39 41 39 0;
13 40 0;
16 40 0;
27 40 0;
36 40 39 40 0;
14 41 0;
17 41 0;
27 41 0;
38 41 0;
15 42 16 42 0;
18 42 20 42 0;
28 42 0;
37 42 38 42 0;
21 43 27 43 0;
29 43 0;
37 43 0;
30 44 0;
36 44 0;
31 45 33 45 0;
36 45 0;
34 46 0;
37 46 0;
34 47 0;
37 47 0;
35 48 36 48 0;
