026 Raichu;
5;
31 1 36 1 0;
28 2 39 2 0;
26 3 33 3 0;
40 3 0;
47 3 50 3 0;
24 4 30 4 0;
44 4 52 4 0;
22 5 31 5 0;
41 5 53 5 0;
20 6 21 6 0;
32 6 33 6 0;
37 6 46 6 0;
51 6 54 6 0;
19 7 0;
34 7 43 7 0;
50 7 51 7 0;
53 7 54 7 0;
18 8 0;
36 8 42 8 0;
48 8 50 8 0;
54 8 0;
18 9 19 9 0;
30 9 31 9 0;
37 9 41 9 0;
51 9 0;
54 9 0;
17 10 0;
19 10 20 10 0;
29 10 0;
31 10 32 10 0;
38 10 41 10 0;
52 10 0;
16 11 20 11 0;
29 11 32 11 0;
39 11 42 11 0;
53 11 0;
15 12 0;
18 12 19 12 0;
30 12 31 12 0;
34 12 36 12 0;
39 12 44 12 0;
53 12 0;
14 13 0;
16 13 0;
22 13 0;
33 13 0;
37 13 0;
40 13 0;
43 13 48 13 0;
54 13 0;
14 14 0;
16 14 0;
18 14 0;
32 14 0;
38 14 0;
40 14 0;
42 14 46 14 0;
49 14 51 14 0;
54 14 0;
13 15 0;
16 15 0;
19 15 26 15 0;
32 15 0;
38 15 0;
40 15 41 15 0;
43 15 46 15 0;
52 15 54 15 0;
13 16 0;
15 16 0;
20 16 21 16 0;
24 16 25 16 0;
32 16 0;
38 16 0;
40 16 0;
44 16 46 16 0;
53 16 54 16 0;
13 17 14 17 0;
21 17 24 17 0;
33 17 0;
37 17 0;
39 17 0;
45 17 0;
49 17 51 17 0;
54 17 0;
13 18 0;
34 18 36 18 0;
45 18 0;
48 18 0;
52 18 0;
54 18 0;
12 19 0;
45 19 0;
47 19 0;
52 19 0;
54 19 0;
11 20 12 20 0;
44 20 0;
47 20 0;
51 20 0;
54 20 0;
10 21 0;
12 21 0;
26 21 28 21 0;
43 21 0;
48 21 0;
53 21 0;
9 22 0;
11 22 0;
25 22 29 22 0;
42 22 0;
49 22 52 22 0;
8 23 0;
11 23 0;
25 23 30 23 0;
42 23 0;
7 24 0;
11 24 0;
24 24 35 24 0;
42 24 0;
7 25 8 25 0;
11 25 0;
24 25 32 25 0;
36 25 37 25 0;
40 25 0;
43 25 0;
1 26 0;
6 26 10 26 0;
24 26 32 26 0;
38 26 0;
40 26 43 26 0;
1 27 0;
6 27 10 27 0;
24 27 25 27 0;
31 27 33 27 0;
41 27 44 27 0;
1 28 2 28 0;
6 28 8 28 0;
10 28 0;
24 28 0;
32 28 33 28 0;
41 28 44 28 0;
1 29 2 29 0;
10 29 0;
24 29 0;
33 29 0;
42 29 46 29 0;
1 30 0;
3 30 0;
10 30 0;
24 30 0;
34 30 0;
42 30 48 30 0;
1 31 0;
3 31 0;
10 31 0;
24 31 0;
34 31 0;
38 31 0;
42 31 49 31 0;
1 32 0;
4 32 0;
10 32 0;
24 32 0;
34 32 0;
39 32 40 32 0;
43 32 44 32 0;
47 32 50 32 0;
1 33 0;
4 33 0;
10 33 0;
25 33 0;
35 33 0;
39 33 41 33 0;
43 33 0;
48 33 51 33 0;
1 34 0;
5 34 0;
11 34 0;
25 34 0;
35 34 0;
40 34 42 34 0;
49 34 52 34 0;
2 35 0;
5 35 0;
11 35 0;
25 35 0;
35 35 0;
40 35 42 35 0;
50 35 53 35 0;
2 36 0;
6 36 0;
11 36 0;
26 36 0;
35 36 0;
40 36 41 36 0;
51 36 54 36 0;
2 37 0;
6 37 0;
12 37 0;
26 37 0;
35 37 0;
40 37 0;
51 37 54 37 0;
2 38 0;
7 38 0;
12 38 0;
27 38 0;
35 38 0;
39 38 0;
52 38 54 38 0;
2 39 0;
7 39 0;
13 39 0;
28 39 0;
34 39 35 39 0;
37 39 38 39 0;
52 39 54 39 0;
3 40 0;
8 40 0;
14 40 0;
29 40 0;
34 40 36 40 0;
52 40 54 40 0;
3 41 0;
8 41 0;
15 41 16 41 0;
30 41 33 41 0;
52 41 54 41 0;
3 42 0;
9 42 0;
14 42 20 42 0;
29 42 32 42 0;
51 42 54 42 0;
3 43 0;
9 43 0;
13 43 0;
17 43 0;
21 43 33 43 0;
51 43 53 43 0;
4 44 0;
10 44 0;
12 44 0;
18 44 0;
25 44 27 44 0;
34 44 0;
50 44 53 44 0;
4 45 0;
10 45 11 45 0;
19 45 0;
26 45 0;
35 45 0;
49 45 52 45 0;
4 46 0;
20 46 0;
27 46 0;
35 46 0;
48 46 51 46 0;
5 47 0;
21 47 0;
28 47 0;
34 47 36 47 0;
47 47 50 47 0;
5 48 0;
22 48 0;
29 48 0;
32 48 36 48 0;
44 48 49 48 0;
5 49 0;
12 49 0;
23 49 0;
29 49 36 49 0;
38 49 48 49 0;
6 50 0;
11 50 0;
13 50 15 50 0;
24 50 0;
30 50 36 50 0;
38 50 46 50 0;
6 51 0;
10 51 0;
16 51 18 51 0;
25 51 28 51 0;
30 51 36 51 0;
38 51 43 51 0;
7 52 0;
9 52 0;
19 52 22 52 0;
25 52 29 52 0;
31 52 36 52 0;
7 53 8 53 0;
23 53 30 53 0;
32 53 36 53 0;
33 54 35 54 0;
