027 Sandshrew;
5;
20 12 22 12 0;
19 13 0;
23 13 0;
19 14 0;
21 14 26 14 0;
18 15 20 15 0;
23 15 0;
27 15 0;
30 15 33 15 0;
17 16 18 16 0;
22 16 0;
28 16 29 16 0;
34 16 0;
15 17 16 17 0;
23 17 26 17 0;
31 17 32 17 0;
34 17 0;
14 18 0;
16 18 0;
22 18 0;
30 18 31 18 0;
34 18 0;
14 19 15 19 0;
21 19 0;
30 19 0;
34 19 0;
38 19 40 19 0;
14 20 0;
16 20 0;
20 20 0;
23 20 24 20 0;
33 20 0;
38 20 0;
41 20 0;
13 21 0;
18 21 19 21 0;
22 21 0;
24 21 25 21 0;
31 21 33 21 0;
39 21 0;
42 21 0;
12 22 0;
22 22 25 22 0;
34 22 0;
39 22 0;
41 22 0;
43 22 0;
12 23 0;
23 23 24 23 0;
34 23 0;
40 23 0;
43 23 0;
12 24 0;
35 24 0;
40 24 0;
43 24 44 24 0;
13 25 0;
35 25 0;
41 25 42 25 0;
45 25 0;
14 26 15 26 0;
36 26 0;
41 26 0;
45 26 0;
16 27 17 27 0;
30 27 0;
36 27 0;
41 27 0;
45 27 0;
18 28 20 28 0;
29 28 30 28 0;
37 28 0;
41 28 43 28 0;
46 28 0;
18 29 0;
20 29 29 29 0;
37 29 0;
41 29 0;
44 29 46 29 0;
17 30 0;
21 30 26 30 0;
29 30 0;
38 30 0;
40 30 0;
45 30 46 30 0;
16 31 0;
22 31 24 31 0;
30 31 0;
34 31 0;
38 31 42 31 0;
46 31 0;
16 32 0;
22 32 23 32 0;
31 32 0;
33 32 34 32 0;
39 32 0;
43 32 44 32 0;
46 32 0;
10 33 12 33 0;
16 33 0;
19 33 0;
22 33 0;
26 33 0;
32 33 33 33 0;
35 33 0;
39 33 0;
45 33 46 33 0;
10 34 0;
13 34 14 34 0;
16 34 0;
20 34 0;
22 34 0;
25 34 0;
29 34 31 34 0;
36 34 0;
39 34 0;
46 34 0;
10 35 0;
15 35 17 35 0;
20 35 0;
22 35 0;
24 35 0;
28 35 0;
30 35 0;
32 35 0;
37 35 0;
39 35 40 35 0;
45 35 46 35 0;
11 36 0;
16 36 18 36 0;
20 36 0;
22 36 0;
24 36 0;
27 36 28 36 0;
30 36 0;
32 36 0;
37 36 0;
39 36 0;
41 36 0;
45 36 0;
11 37 0;
16 37 0;
19 37 0;
21 37 24 37 0;
26 37 28 37 0;
30 37 0;
32 37 33 37 0;
42 37 0;
44 37 0;
12 38 0;
22 38 0;
25 38 0;
27 38 28 38 0;
31 38 32 38 0;
34 38 0;
39 38 0;
42 38 0;
44 38 0;
12 39 0;
26 39 0;
32 39 0;
34 39 0;
42 39 43 39 0;
13 40 0;
18 40 0;
22 40 0;
27 40 0;
34 40 0;
39 40 0;
42 40 0;
13 41 0;
19 41 0;
22 41 0;
26 41 27 41 0;
34 41 0;
39 41 41 41 0;
14 42 0;
19 42 0;
22 42 23 42 0;
25 42 0;
27 42 0;
34 42 0;
38 42 40 42 0;
14 43 0;
19 43 0;
21 43 24 43 0;
26 43 27 43 0;
33 43 34 43 0;
36 43 37 43 0;
39 43 0;
15 44 0;
18 44 20 44 0;
23 44 27 44 0;
33 44 38 44 0;
16 45 18 45 0;
28 45 0;
32 45 36 45 0;
29 46 34 46 0;
