028 Sandslash;
5;
22 5 0;
21 6 22 6 0;
20 7 0;
22 7 0;
20 8 0;
22 8 0;
32 8 37 8 0;
19 9 0;
22 9 0;
24 9 0;
29 9 31 9 0;
36 9 0;
17 10 0;
19 10 0;
22 10 23 10 0;
25 10 0;
27 10 28 10 0;
35 10 0;
16 11 0;
18 11 0;
21 11 0;
25 11 26 11 0;
34 11 0;
15 12 0;
18 12 0;
20 12 0;
24 12 0;
33 12 43 12 0;
14 13 0;
18 13 19 13 0;
24 13 0;
27 13 0;
30 13 32 13 0;
41 13 0;
14 14 0;
18 14 0;
24 14 0;
26 14 0;
28 14 29 14 0;
39 14 40 14 0;
8 15 10 15 0;
13 15 0;
18 15 0;
23 15 0;
25 15 0;
28 15 0;
37 15 38 15 0;
7 16 0;
11 16 12 16 0;
18 16 0;
23 16 24 16 0;
28 16 0;
35 16 36 16 0;
39 16 42 16 0;
7 17 0;
12 17 0;
18 17 0;
23 17 0;
28 17 0;
33 17 34 17 0;
43 17 45 17 0;
7 18 0;
11 18 0;
18 18 0;
22 18 0;
27 18 0;
31 18 32 18 0;
46 18 47 18 0;
6 19 0;
11 19 0;
17 19 0;
19 19 0;
21 19 0;
27 19 0;
30 19 33 19 0;
39 19 45 19 0;
6 20 0;
10 20 11 20 0;
17 20 0;
19 20 20 20 0;
27 20 29 20 0;
33 20 0;
36 20 38 20 0;
44 20 0;
6 21 0;
10 21 0;
16 21 0;
19 21 0;
26 21 27 21 0;
33 21 0;
35 21 0;
45 21 0;
6 22 0;
10 22 0;
16 22 0;
20 22 0;
26 22 0;
29 22 31 22 0;
33 22 40 22 0;
46 22 0;
6 23 0;
15 23 0;
20 23 0;
25 23 0;
28 23 30 23 0;
33 23 34 23 0;
41 23 0;
47 23 0;
6 24 0;
15 24 0;
20 24 0;
24 24 0;
27 24 30 24 0;
33 24 0;
42 24 0;
47 24 0;
7 25 0;
24 25 0;
27 25 29 25 0;
32 25 0;
35 25 36 25 0;
39 25 40 25 0;
43 25 0;
48 25 0;
8 26 0;
27 26 28 26 0;
32 26 0;
34 26 0;
37 26 38 26 0;
41 26 0;
43 26 44 26 0;
48 26 0;
8 27 0;
11 27 0;
27 27 0;
31 27 33 27 0;
37 27 0;
41 27 0;
43 27 0;
45 27 0;
49 27 0;
8 28 0;
10 28 12 28 0;
29 28 30 28 0;
32 28 33 28 0;
37 28 0;
41 28 0;
43 28 0;
46 28 0;
49 28 0;
8 29 0;
10 29 0;
12 29 0;
28 29 0;
32 29 0;
37 29 0;
41 29 43 29 0;
47 29 49 29 0;
8 30 0;
10 30 12 30 0;
20 30 24 30 0;
27 30 0;
32 30 0;
37 30 0;
41 30 42 30 0;
48 30 0;
6 31 8 31 0;
10 31 12 31 0;
19 31 20 31 0;
23 31 0;
27 31 0;
32 31 0;
37 31 0;
41 31 0;
43 31 0;
48 31 0;
5 32 0;
8 32 0;
11 32 12 32 0;
18 32 23 32 0;
27 32 0;
32 32 0;
36 32 0;
40 32 0;
44 32 0;
49 32 0;
4 33 0;
7 33 9 33 0;
12 33 0;
18 33 22 33 0;
26 33 0;
32 33 0;
36 33 0;
40 33 0;
44 33 0;
49 33 0;
4 34 0;
6 34 0;
9 34 0;
18 34 20 34 0;
26 34 0;
32 34 0;
36 34 0;
39 34 0;
45 34 0;
49 34 50 34 0;
4 35 5 35 0;
10 35 0;
25 35 0;
33 35 0;
36 35 0;
39 35 0;
45 35 0;
50 35 0;
5 36 0;
8 36 10 36 0;
23 36 24 36 0;
33 36 0;
36 36 0;
38 36 0;
46 36 0;
50 36 0;
5 37 0;
7 37 0;
11 37 0;
21 37 22 37 0;
33 37 0;
35 37 0;
38 37 0;
46 37 0;
49 37 0;
6 38 0;
11 38 0;
19 38 20 38 0;
33 38 0;
35 38 0;
37 38 0;
46 38 47 38 0;
49 38 0;
11 39 0;
18 39 0;
20 39 0;
34 39 0;
36 39 0;
46 39 47 39 0;
49 39 0;
12 40 0;
17 40 0;
21 40 0;
34 40 0;
46 40 0;
48 40 0;
13 41 16 41 0;
22 41 23 41 0;
35 41 0;
44 41 45 41 0;
48 41 0;
24 42 26 42 0;
35 42 36 42 0;
43 42 0;
46 42 0;
21 43 23 43 0;
27 43 34 43 0;
37 43 38 43 0;
42 43 0;
47 43 0;
19 44 20 44 0;
23 44 0;
31 44 0;
39 44 41 44 0;
47 44 0;
18 45 0;
24 45 0;
30 45 0;
41 45 0;
48 45 0;
17 46 29 46 0;
40 46 41 46 0;
48 46 0;
40 47 42 47 0;
46 47 48 47 0;
39 48 40 48 0;
43 48 45 48 0;
49 48 0;
39 49 0;
44 49 0;
49 49 0;
39 50 0;
43 50 0;
45 50 0;
49 50 0;
40 51 0;
42 51 0;
46 51 0;
48 51 0;
41 52 0;
47 52 0;
