029 Nidoran;
7;
25 16 26 16 0;
31 16 32 16 0;
24 17 0;
26 17 0;
30 17 0;
32 17 0;
23 18 0;
25 18 29 18 0;
32 18 0;
22 19 0;
28 19 0;
31 19 35 19 0;
21 20 0;
27 20 0;
36 20 0;
20 21 0;
26 21 0;
30 21 35 21 0;
37 21 0;
19 22 25 22 0;
29 22 37 22 0;
17 23 18 23 0;
25 23 0;
28 23 0;
30 23 0;
32 23 37 23 0;
16 24 0;
31 24 0;
33 24 37 24 0;
39 24 42 24 0;
15 25 0;
29 25 34 25 0;
38 25 0;
42 25 0;
14 26 0;
39 26 0;
41 26 0;
14 27 0;
22 27 24 27 0;
39 27 0;
41 27 0;
13 28 0;
21 28 23 28 0;
25 28 0;
40 28 0;
13 29 0;
20 29 0;
22 29 23 29 0;
33 29 34 29 0;
40 29 43 29 0;
13 30 0;
20 30 24 30 0;
32 30 35 30 0;
40 30 0;
43 30 0;
14 31 15 31 0;
17 31 0;
26 31 27 31 0;
33 31 34 31 0;
40 31 0;
42 31 0;
14 32 0;
24 32 25 32 0;
40 32 41 32 0;
15 33 21 33 0;
30 33 31 33 0;
37 33 38 33 0;
40 33 0;
16 34 0;
20 34 22 34 0;
25 34 26 34 0;
30 34 31 34 0;
36 34 38 34 0;
40 34 0;
17 35 0;
20 35 22 35 0;
28 35 0;
34 35 0;
37 35 38 35 0;
41 35 0;
18 36 27 36 0;
34 36 0;
41 36 0;
17 37 0;
23 37 25 37 0;
31 37 0;
35 37 0;
41 37 0;
16 38 18 38 0;
21 38 23 38 0;
31 38 36 38 0;
38 38 39 38 0;
41 38 0;
15 39 0;
19 39 20 39 0;
23 39 25 39 0;
29 39 30 39 0;
37 39 0;
40 39 0;
15 40 19 40 0;
22 40 0;
26 40 28 40 0;
37 40 39 40 0;
22 41 25 41 0;
