003 Venusaur;
1;
19 4 24 4 0;
33 4 38 4 0;
17 5 18 5 0;
25 5 26 5 0;
31 5 32 5 0;
39 5 40 5 0;
16 6 0;
27 6 0;
30 6 0;
41 6 0;
15 7 0;
22 7 23 7 0;
28 7 29 7 0;
34 7 35 7 0;
42 7 43 7 0;
10 8 19 8 0;
25 8 32 8 0;
38 8 47 8 0;
7 9 9 9 0;
20 9 21 9 0;
24 9 0;
33 9 0;
36 9 37 9 0;
48 9 50 9 0;
5 10 6 10 0;
12 10 14 10 0;
22 10 23 10 0;
25 10 32 10 0;
34 10 35 10 0;
43 10 45 10 0;
51 10 52 10 0;
4 11 0;
12 11 14 11 0;
19 11 20 11 0;
23 11 0;
25 11 32 11 0;
34 11 0;
37 11 38 11 0;
43 11 45 11 0;
47 11 0;
53 11 0;
3 12 0;
7 12 0;
18 12 22 12 0;
26 12 27 12 0;
30 12 31 12 0;
35 12 39 12 0;
50 12 0;
54 12 0;
3 13 0;
6 13 8 13 0;
17 13 22 13 0;
35 13 40 13 0;
49 13 51 13 0;
54 13 0;
3 14 0;
6 14 8 14 0;
14 14 16 14 0;
23 14 25 14 0;
32 14 34 14 0;
41 14 43 14 0;
49 14 51 14 0;
54 14 0;
4 15 0;
12 15 13 15 0;
26 15 0;
31 15 0;
44 15 45 15 0;
53 15 0;
4 16 0;
9 16 11 16 0;
18 16 19 16 0;
27 16 30 16 0;
38 16 39 16 0;
46 16 48 16 0;
53 16 0;
5 17 8 17 0;
10 17 0;
17 17 20 17 0;
24 17 33 17 0;
37 17 40 17 0;
47 17 0;
49 17 52 17 0;
9 18 0;
13 18 0;
22 18 23 18 0;
26 18 31 18 0;
34 18 35 18 0;
44 18 0;
48 18 0;
8 19 0;
21 19 0;
26 19 31 19 0;
36 19 0;
49 19 0;
9 20 0;
20 20 0;
25 20 32 20 0;
37 20 0;
45 20 0;
48 20 0;
10 21 11 21 0;
19 21 0;
25 21 32 21 0;
38 21 0;
45 21 47 21 0;
12 22 14 22 0;
19 22 23 22 0;
25 22 32 22 0;
38 22 0;
43 22 44 22 0;
9 23 0;
12 23 15 23 0;
17 23 18 23 0;
21 23 22 23 0;
24 23 33 23 0;
39 23 42 23 0;
8 24 0;
10 24 12 24 0;
16 24 0;
19 24 20 24 0;
23 24 24 24 0;
26 24 34 24 0;
6 25 7 25 0;
11 25 14 25 0;
18 25 0;
25 25 0;
28 25 32 25 0;
35 25 0;
4 26 5 26 0;
8 26 11 26 0;
21 26 22 26 0;
26 26 29 26 0;
35 26 41 26 0;
43 26 44 26 0;
3 27 0;
5 27 0;
7 27 10 27 0;
14 27 15 27 0;
23 27 0;
26 27 30 27 0;
32 27 0;
34 27 37 27 0;
42 27 0;
45 27 47 27 0;
2 28 0;
6 28 0;
11 28 14 28 0;
18 28 19 28 0;
24 28 25 28 0;
28 28 31 28 0;
33 28 40 28 0;
44 28 0;
48 28 49 28 0;
2 29 0;
6 29 0;
13 29 0;
17 29 20 29 0;
23 29 0;
29 29 32 29 0;
41 29 44 29 0;
48 29 0;
50 29 51 29 0;
3 30 4 30 0;
6 30 7 30 0;
14 30 0;
16 30 0;
21 30 22 30 0;
26 30 27 30 0;
29 30 31 30 0;
37 30 0;
45 30 46 30 0;
52 30 0;
5 31 7 31 0;
15 31 0;
26 31 28 31 0;
30 31 0;
36 31 0;
39 31 0;
43 31 0;
47 31 48 31 0;
50 31 52 31 0;
6 32 0;
30 32 36 32 0;
39 32 0;
43 32 0;
49 32 0;
53 32 0;
5 33 0;
13 33 15 33 0;
30 33 32 33 0;
36 33 39 33 0;
42 33 0;
45 33 0;
50 33 0;
52 33 53 33 0;
4 34 0;
6 34 0;
12 34 14 34 0;
20 34 23 34 0;
30 34 31 34 0;
39 34 42 34 0;
45 34 0;
48 34 0;
53 34 0;
3 35 0;
5 35 0;
7 35 0;
19 35 0;
23 35 0;
30 35 0;
32 35 0;
41 35 43 35 0;
45 35 0;
48 35 0;
53 35 0;
3 36 0;
5 36 0;
7 36 8 36 0;
18 36 20 36 0;
23 36 0;
27 36 29 36 0;
33 36 0;
42 36 45 36 0;
47 36 48 36 0;
51 36 0;
53 36 0;
2 37 0;
5 37 0;
7 37 8 37 0;
17 37 0;
19 37 20 37 0;
22 37 0;
28 37 29 37 0;
34 37 0;
36 37 37 37 0;
44 37 47 37 0;
49 37 50 37 0;
52 37 0;
2 38 0;
10 38 0;
13 38 0;
34 38 0;
37 38 38 38 0;
45 38 0;
2 39 0;
34 39 0;
46 39 0;
3 40 0;
5 40 6 40 0;
8 40 15 40 0;
18 40 20 40 0;
33 40 0;
43 40 44 40 0;
46 40 0;
4 41 5 41 0;
7 41 17 41 0;
21 41 23 41 0;
28 41 29 41 0;
33 41 0;
35 41 36 41 0;
44 41 45 41 0;
47 41 0;
5 42 0;
7 42 18 42 0;
20 42 0;
24 42 27 42 0;
31 42 32 42 0;
35 42 37 42 0;
45 42 0;
47 42 0;
4 43 0;
6 43 10 43 0;
19 43 0;
26 43 27 43 0;
29 43 30 43 0;
36 43 37 43 0;
48 43 0;
4 44 0;
6 44 0;
8 44 9 44 0;
25 44 26 44 0;
29 44 30 44 0;
48 44 0;
4 45 0;
6 45 0;
8 45 9 45 0;
11 45 0;
23 45 25 45 0;
28 45 31 45 0;
48 45 0;
4 46 0;
7 46 0;
9 46 10 46 0;
12 46 0;
18 46 0;
20 46 23 46 0;
27 46 0;
29 46 31 46 0;
47 46 0;
5 47 0;
8 47 0;
12 47 20 47 0;
25 47 26 47 0;
30 47 31 47 0;
47 47 0;
5 48 0;
9 48 10 48 0;
22 48 24 48 0;
33 48 0;
38 48 0;
45 48 46 48 0;
6 49 0;
11 49 21 49 0;
23 49 24 49 0;
33 49 0;
37 49 0;
43 49 44 49 0;
46 49 0;
7 50 9 50 0;
12 50 13 50 0;
16 50 0;
19 50 23 50 0;
33 50 43 50 0;
45 50 47 50 0;
7 51 0;
10 51 11 51 0;
14 51 15 51 0;
18 51 0;
21 51 0;
23 51 32 51 0;
37 51 0;
40 51 0;
44 51 0;
47 51 0;
8 52 13 52 0;
19 52 20 52 0;
22 52 24 52 0;
27 52 28 52 0;
31 52 0;
38 52 39 52 0;
41 52 43 52 0;
45 52 46 52 0;
25 53 27 53 0;
29 53 30 53 0;
