030 Nidorina;
7;
32 10 0;
36 10 0;
31 11 0;
33 11 0;
35 11 0;
37 11 0;
39 11 40 11 0;
12 12 0;
18 12 19 12 0;
31 12 0;
33 12 0;
35 12 0;
37 12 38 12 0;
41 12 0;
11 13 0;
13 13 0;
16 13 17 13 0;
20 13 0;
30 13 0;
34 13 0;
37 13 0;
42 13 0;
11 14 0;
13 14 15 14 0;
19 14 0;
30 14 0;
34 14 0;
38 14 0;
43 14 0;
10 15 0;
18 15 19 15 0;
29 15 33 15 0;
38 15 0;
44 15 0;
10 16 0;
20 16 0;
27 16 0;
29 16 30 16 0;
34 16 35 16 0;
38 16 0;
44 16 0;
8 17 0;
10 17 0;
21 17 0;
26 17 0;
28 17 0;
36 17 0;
45 17 0;
7 18 0;
9 18 10 18 0;
22 18 0;
26 18 0;
37 18 38 18 0;
46 18 0;
7 19 0;
10 19 0;
22 19 0;
25 19 0;
31 19 34 19 0;
39 19 40 19 0;
46 19 0;
7 20 0;
22 20 0;
25 20 0;
29 20 35 20 0;
41 20 0;
47 20 0;
8 21 0;
22 21 0;
24 21 0;
28 21 36 21 0;
39 21 40 21 0;
47 21 0;
8 22 0;
17 22 24 22 0;
28 22 36 22 0;
39 22 0;
48 22 0;
9 23 0;
15 23 16 23 0;
24 23 0;
27 23 37 23 0;
39 23 0;
48 23 0;
9 24 0;
13 24 14 24 0;
23 24 0;
27 24 37 24 0;
39 24 0;
48 24 0;
10 25 0;
12 25 0;
26 25 37 25 0;
39 25 0;
48 25 0;
10 26 11 26 0;
26 26 36 26 0;
39 26 0;
48 26 0;
9 27 0;
26 27 36 27 0;
38 27 0;
48 27 0;
9 28 0;
19 28 22 28 0;
26 28 35 28 0;
38 28 0;
44 28 46 28 0;
48 28 0;
8 29 10 29 0;
17 29 18 29 0;
26 29 34 29 0;
37 29 0;
47 29 48 29 0;
6 30 7 30 0;
15 30 16 30 0;
18 30 0;
27 30 33 30 0;
36 30 0;
44 30 45 30 0;
48 30 0;
5 31 0;
14 31 18 31 0;
20 31 21 31 0;
28 31 30 31 0;
34 31 35 31 0;
43 31 46 31 0;
48 31 0;
5 32 0;
14 32 19 32 0;
32 32 33 32 0;
43 32 46 32 0;
49 32 0;
5 33 0;
39 33 0;
44 33 45 33 0;
49 33 0;
5 34 0;
9 34 0;
39 34 0;
49 34 0;
5 35 0;
18 35 20 35 0;
39 35 0;
50 35 0;
6 36 0;
12 36 15 36 0;
18 36 20 36 0;
29 36 32 36 0;
40 36 0;
50 36 0;
7 37 16 37 0;
18 37 19 37 0;
28 37 0;
33 37 0;
40 37 0;
44 37 45 37 0;
50 37 0;
9 38 18 38 0;
27 38 0;
34 38 0;
41 38 0;
44 38 45 38 0;
50 38 0;
10 39 0;
27 39 0;
35 39 0;
40 39 42 39 0;
50 39 0;
11 40 14 40 0;
27 40 0;
35 40 0;
39 40 0;
43 40 0;
50 40 0;
15 41 20 41 0;
26 41 0;
35 41 0;
37 41 38 41 0;
44 41 0;
49 41 50 41 0;
15 42 26 42 0;
35 42 36 42 0;
45 42 48 42 0;
50 42 0;
14 43 0;
18 43 21 43 0;
25 43 0;
34 43 0;
45 43 0;
47 43 0;
50 43 0;
14 44 0;
19 44 20 44 0;
24 44 0;
34 44 0;
45 44 0;
47 44 0;
49 44 0;
13 45 16 45 0;
19 45 0;
23 45 0;
33 45 0;
46 45 0;
48 45 0;
13 46 0;
15 46 0;
17 46 18 46 0;
22 46 0;
24 46 0;
26 46 0;
31 46 32 46 0;
13 47 14 47 0;
16 47 0;
21 47 0;
23 47 0;
25 47 0;
27 47 30 47 0;
22 48 27 48 0;
