031 Nidoqueen;
7;
11 0 13 0 0;
28 0 29 0 0;
10 1 0;
13 1 16 1 0;
26 1 27 1 0;
30 1 0;
10 2 0;
17 2 18 2 0;
24 2 25 2 0;
29 2 0;
9 3 0;
19 3 0;
22 3 23 3 0;
30 3 0;
9 4 0;
15 4 16 4 0;
20 4 21 4 0;
25 4 28 4 0;
31 4 0;
9 5 0;
14 5 0;
17 5 0;
20 5 0;
23 5 29 5 0;
32 5 0;
9 6 0;
14 6 0;
17 6 0;
19 6 0;
22 6 30 6 0;
33 6 0;
9 7 0;
13 7 0;
18 7 0;
21 7 30 7 0;
33 7 0;
10 8 12 8 0;
18 8 0;
21 8 31 8 0;
33 8 0;
9 9 10 9 0;
17 9 0;
20 9 31 9 0;
33 9 0;
7 10 8 10 0;
17 10 0;
20 10 31 10 0;
33 10 0;
6 11 0;
17 11 0;
20 11 31 11 0;
33 11 0;
5 12 0;
19 12 30 12 0;
33 12 0;
1 13 4 13 0;
19 13 30 13 0;
32 13 33 13 0;
0 14 0;
4 14 6 14 0;
21 14 29 14 0;
32 14 0;
34 14 35 14 0;
0 15 0;
7 15 0;
16 15 0;
23 15 28 15 0;
31 15 0;
36 15 37 15 0;
1 16 0;
7 16 0;
15 16 17 16 0;
25 16 28 16 0;
30 16 0;
38 16 0;
2 17 0;
7 17 0;
13 17 14 17 0;
18 17 0;
28 17 0;
30 17 0;
38 17 0;
3 18 0;
6 18 0;
12 18 14 18 0;
29 18 0;
37 18 0;
2 19 0;
4 19 6 19 0;
11 19 15 19 0;
29 19 0;
35 19 36 19 0;
2 20 0;
4 20 5 20 0;
11 20 0;
13 20 17 20 0;
29 20 0;
34 20 0;
1 21 0;
11 21 15 21 0;
20 21 21 21 0;
29 21 30 21 0;
33 21 0;
1 22 0;
19 22 0;
22 22 0;
30 22 0;
32 22 0;
1 23 0;
6 23 7 23 0;
15 23 18 23 0;
23 23 0;
30 23 38 23 0;
1 24 0;
6 24 0;
11 24 14 24 0;
24 24 0;
31 24 0;
39 24 0;
2 25 0;
8 25 10 25 0;
23 25 0;
31 25 32 25 0;
39 25 0;
3 26 7 26 0;
22 26 0;
26 26 32 26 0;
39 26 0;
6 27 0;
20 27 21 27 0;
25 27 26 27 0;
32 27 33 27 0;
38 27 0;
7 28 9 28 0;
17 28 19 28 0;
22 28 24 28 0;
34 28 0;
38 28 0;
42 28 43 28 0;
8 29 16 29 0;
21 29 0;
34 29 0;
37 29 0;
41 29 0;
43 29 0;
7 30 8 30 0;
11 30 0;
20 30 0;
23 30 0;
35 30 0;
37 30 0;
39 30 40 30 0;
43 30 0;
6 31 0;
8 31 0;
10 31 0;
19 31 0;
23 31 0;
29 31 30 31 0;
35 31 38 31 0;
42 31 0;
5 32 0;
8 32 0;
10 32 0;
18 32 0;
23 32 0;
27 32 28 32 0;
31 32 32 32 0;
35 32 36 32 0;
42 32 0;
4 33 0;
7 33 0;
11 33 0;
18 33 0;
24 33 0;
26 33 0;
33 33 0;
35 33 38 33 0;
41 33 0;
4 34 0;
7 34 0;
11 34 0;
17 34 0;
25 34 0;
34 34 35 34 0;
38 34 39 34 0;
41 34 0;
44 34 45 34 0;
3 35 6 35 0;
11 35 0;
17 35 0;
25 35 0;
28 35 29 35 0;
34 35 35 35 0;
40 35 0;
43 35 0;
46 35 0;
3 36 0;
6 36 0;
12 36 0;
16 36 0;
25 36 27 36 0;
31 36 32 36 0;
34 36 0;
40 36 0;
42 36 0;
46 36 0;
2 37 0;
7 37 0;
12 37 0;
16 37 0;
25 37 0;
33 37 34 37 0;
41 37 0;
46 37 0;
2 38 0;
7 38 0;
12 38 0;
16 38 0;
24 38 0;
33 38 0;
41 38 0;
46 38 0;
1 39 0;
8 39 0;
11 39 0;
17 39 0;
22 39 23 39 0;
34 39 0;
42 39 0;
45 39 46 39 0;
1 40 2 40 0;
9 40 10 40 0;
18 40 0;
21 40 0;
34 40 0;
42 40 46 40 0;
52 40 54 40 0;
1 41 0;
3 41 0;
9 41 0;
11 41 0;
19 41 21 41 0;
34 41 0;
42 41 43 41 0;
45 41 51 41 0;
1 42 0;
3 42 0;
7 42 8 42 0;
11 42 0;
21 42 22 42 0;
34 42 0;
42 42 43 42 0;
47 42 0;
1 43 2 43 0;
5 43 6 43 0;
8 43 0;
12 43 0;
21 43 0;
33 43 0;
42 43 43 43 0;
48 43 0;
2 44 4 44 0;
8 44 0;
10 44 11 44 0;
13 44 0;
22 44 0;
32 44 0;
41 44 0;
43 44 0;
48 44 0;
9 45 0;
11 45 15 45 0;
21 45 24 45 0;
29 45 31 45 0;
41 45 0;
43 45 0;
49 45 0;
8 46 0;
14 46 20 46 0;
25 46 29 46 0;
31 46 32 46 0;
39 46 40 46 0;
43 46 0;
49 46 0;
54 46 0;
8 47 0;
15 47 17 47 0;
28 47 0;
33 47 38 47 0;
43 47 0;
49 47 0;
54 47 0;
9 48 0;
17 48 18 48 0;
28 48 0;
43 48 0;
49 48 0;
53 48 0;
9 49 10 49 0;
15 49 20 49 0;
29 49 0;
34 49 39 49 0;
42 49 0;
49 49 0;
52 49 0;
7 50 8 50 0;
11 50 14 50 0;
21 50 22 50 0;
29 50 0;
32 50 33 50 0;
40 50 42 50 0;
48 50 0;
50 50 51 50 0;
6 51 0;
8 51 0;
10 51 0;
13 51 0;
23 51 25 51 0;
30 51 31 51 0;
42 51 0;
48 51 49 51 0;
5 52 0;
9 52 11 52 0;
14 52 0;
20 52 23 52 0;
26 52 30 52 0;
33 52 34 52 0;
40 52 41 52 0;
43 52 0;
45 52 47 52 0;
6 53 10 53 0;
15 53 19 53 0;
30 53 0;
32 53 0;
35 53 0;
39 53 0;
42 53 44 53 0;
11 54 14 54 0;
31 54 0;
36 54 38 54 0;
43 54 0;
32 55 35 55 0;
39 55 42 55 0;
