032 Nidoran;
7;
21 12 0;
20 13 0;
22 13 24 13 0;
30 13 0;
33 13 34 13 0;
19 14 0;
25 14 0;
29 14 0;
31 14 32 14 0;
35 14 0;
19 15 0;
25 15 0;
27 15 28 15 0;
35 15 0;
18 16 0;
26 16 0;
32 16 33 16 0;
35 16 0;
17 17 0;
25 17 0;
30 17 33 17 0;
35 17 0;
16 18 0;
24 18 0;
28 18 33 18 0;
35 18 0;
38 18 39 18 0;
17 19 0;
23 19 0;
27 19 33 19 0;
35 19 0;
37 19 0;
39 19 0;
17 20 0;
23 20 0;
26 20 32 20 0;
34 20 0;
36 20 0;
39 20 0;
15 21 16 21 0;
22 21 0;
26 21 32 21 0;
34 21 35 21 0;
38 21 0;
14 22 0;
22 22 0;
25 22 32 22 0;
34 22 0;
38 22 0;
41 22 42 22 0;
15 23 0;
21 23 0;
25 23 31 23 0;
33 23 0;
37 23 0;
39 23 40 23 0;
42 23 0;
16 24 0;
21 24 0;
24 24 30 24 0;
32 24 0;
38 24 0;
41 24 0;
15 25 0;
18 25 21 25 0;
24 25 29 25 0;
31 25 0;
39 25 0;
41 25 0;
15 26 16 26 0;
24 26 28 26 0;
30 26 0;
42 26 44 26 0;
15 27 0;
23 27 27 27 0;
29 27 0;
45 27 0;
13 28 17 28 0;
20 28 0;
23 28 26 28 0;
28 28 0;
41 28 0;
44 28 0;
12 29 0;
17 29 0;
20 29 0;
23 29 0;
27 29 0;
37 29 38 29 0;
42 29 43 29 0;
13 30 17 30 0;
20 30 21 30 0;
27 30 0;
32 30 33 30 0;
37 30 38 30 0;
44 30 0;
13 31 0;
15 31 17 31 0;
20 31 24 31 0;
28 31 0;
31 31 33 31 0;
41 31 42 31 0;
45 31 0;
13 32 0;
15 32 17 32 0;
19 32 21 32 0;
24 32 0;
28 32 0;
31 32 33 32 0;
41 32 42 32 0;
44 32 0;
46 32 0;
13 33 0;
15 33 16 33 0;
18 33 20 33 0;
24 33 0;
28 33 0;
32 33 33 33 0;
35 33 0;
43 33 44 33 0;
46 33 0;
13 34 0;
18 34 19 34 0;
24 34 0;
28 34 0;
36 34 0;
42 34 45 34 0;
13 35 0;
18 35 0;
20 35 0;
23 35 0;
27 35 0;
37 35 41 35 0;
13 36 0;
18 36 0;
20 36 0;
22 36 0;
25 36 26 36 0;
36 36 0;
13 37 0;
18 37 21 37 0;
24 37 25 37 0;
35 37 0;
14 38 0;
22 38 23 38 0;
25 38 0;
33 38 34 38 0;
14 39 15 39 0;
22 39 0;
24 39 0;
31 39 32 39 0;
13 40 14 40 0;
16 40 21 40 0;
24 40 0;
30 40 0;
13 41 0;
18 41 0;
23 41 0;
29 41 0;
12 42 14 42 0;
16 42 17 42 0;
23 42 25 42 0;
28 42 0;
11 43 0;
15 43 0;
22 43 0;
26 43 27 43 0;
12 44 14 44 0;
23 44 26 44 0;
