033 Nidorino;
7;
24 7 25 7 0;
43 7 44 7 0;
21 8 23 8 0;
26 8 0;
40 8 42 8 0;
45 8 0;
19 9 20 9 0;
26 9 0;
38 9 39 9 0;
44 9 0;
11 10 0;
17 10 18 10 0;
25 10 0;
36 10 37 10 0;
44 10 0;
10 11 0;
12 11 0;
16 11 0;
24 11 0;
31 11 0;
34 11 35 11 0;
43 11 0;
10 12 0;
12 12 0;
15 12 0;
24 12 0;
30 12 0;
32 12 33 12 0;
43 12 46 12 0;
11 13 0;
13 13 14 13 0;
23 13 0;
26 13 0;
28 13 0;
30 13 0;
32 13 0;
37 13 40 13 0;
45 13 0;
11 14 0;
13 14 0;
23 14 0;
25 14 0;
27 14 0;
29 14 0;
32 14 0;
35 14 41 14 0;
44 14 0;
9 15 0;
12 15 0;
22 15 0;
24 15 0;
26 15 0;
28 15 29 15 0;
34 15 41 15 0;
43 15 0;
8 16 0;
10 16 0;
12 16 0;
22 16 0;
24 16 0;
26 16 0;
28 16 0;
33 16 42 16 0;
8 17 0;
11 17 0;
21 17 0;
23 17 0;
26 17 0;
32 17 41 17 0;
9 18 0;
21 18 0;
23 18 0;
26 18 0;
31 18 40 18 0;
10 19 11 19 0;
21 19 0;
23 19 0;
25 19 0;
30 19 40 19 0;
11 20 0;
20 20 22 20 0;
25 20 0;
30 20 39 20 0;
11 21 0;
18 21 19 21 0;
25 21 0;
29 21 39 21 0;
43 21 45 21 0;
12 22 0;
24 22 0;
29 22 38 22 0;
41 22 42 22 0;
45 22 0;
12 23 0;
15 23 16 23 0;
24 23 0;
28 23 40 23 0;
44 23 0;
13 24 0;
28 24 37 24 0;
43 24 0;
8 25 15 25 0;
28 25 36 25 0;
43 25 0;
46 25 48 25 0;
8 26 0;
16 26 0;
24 26 0;
28 26 36 26 0;
42 26 0;
44 26 45 26 0;
48 26 0;
9 27 10 27 0;
16 27 0;
24 27 0;
29 27 37 27 0;
42 27 43 27 0;
47 27 0;
11 28 12 28 0;
16 28 0;
23 28 0;
25 28 0;
30 28 34 28 0;
38 28 0;
46 28 0;
11 29 0;
13 29 15 29 0;
22 29 0;
26 29 0;
32 29 0;
39 29 0;
45 29 46 29 0;
11 30 0;
21 30 23 30 0;
26 30 0;
33 30 0;
40 30 0;
43 30 45 30 0;
11 31 0;
21 31 0;
23 31 0;
25 31 0;
34 31 0;
41 31 45 31 0;
10 32 11 32 0;
20 32 24 32 0;
34 32 0;
42 32 44 32 0;
10 33 0;
19 33 23 33 0;
33 33 0;
42 33 44 33 0;
9 34 0;
19 34 0;
25 34 26 34 0;
32 34 0;
43 34 0;
45 34 46 34 0;
9 35 0;
15 35 0;
23 35 24 35 0;
26 35 27 35 0;
40 35 0;
44 35 0;
47 35 48 35 0;
10 36 0;
15 36 0;
21 36 23 36 0;
26 36 27 36 0;
34 36 0;
45 36 0;
49 36 0;
10 37 0;
18 37 26 37 0;
28 37 0;
44 37 45 37 0;
49 37 0;
11 38 0;
16 38 25 38 0;
27 38 0;
35 38 0;
38 38 39 38 0;
43 38 0;
46 38 0;
49 38 0;
12 39 23 39 0;
26 39 0;
38 39 39 39 0;
42 39 0;
46 39 0;
48 39 0;
11 40 0;
13 40 0;
15 40 20 40 0;
24 40 25 40 0;
36 40 0;
38 40 0;
41 40 0;
47 40 0;
10 41 0;
14 41 0;
21 41 23 41 0;
27 41 0;
33 41 36 41 0;
40 41 0;
47 41 0;
10 42 0;
15 42 23 42 0;
27 42 0;
30 42 31 42 0;
36 42 0;
39 42 0;
46 42 47 42 0;
9 43 0;
16 43 0;
19 43 25 43 0;
28 43 0;
37 43 0;
39 43 0;
46 43 48 43 0;
9 44 0;
15 44 0;
19 44 29 44 0;
37 44 38 44 0;
40 44 41 44 0;
46 44 48 44 0;
8 45 0;
14 45 0;
18 45 19 45 0;
25 45 28 45 0;
30 45 0;
38 45 0;
40 45 41 45 0;
47 45 48 45 0;
7 46 11 46 0;
13 46 0;
18 46 0;
24 46 27 46 0;
31 46 0;
38 46 0;
48 46 0;
6 47 0;
8 47 0;
10 47 0;
12 47 0;
17 47 0;
19 47 0;
21 47 0;
23 47 25 47 0;
32 47 35 47 0;
37 47 39 47 0;
41 47 46 47 0;
48 47 0;
7 48 11 48 0;
18 48 23 48 0;
32 48 33 48 0;
35 48 0;
37 48 0;
39 48 40 48 0;
43 48 0;
45 48 0;
47 48 0;
33 49 38 49 0;
41 49 46 49 0;
