034 Nidoking;
7;
12 0 14 0 0;
34 0 0;
11 1 0;
15 1 16 1 0;
22 1 0;
33 1 0;
35 1 39 1 0;
12 2 13 2 0;
17 2 0;
21 2 0;
23 2 0;
33 2 0;
39 2 40 2 0;
13 3 15 3 0;
18 3 0;
21 3 0;
23 3 0;
31 3 32 3 0;
36 3 39 3 0;
1 4 2 4 0;
12 4 0;
16 4 0;
19 4 0;
21 4 0;
23 4 0;
30 4 0;
34 4 37 4 0;
39 4 0;
0 5 0;
3 5 0;
12 5 0;
16 5 18 5 0;
20 5 21 5 0;
24 5 0;
29 5 0;
33 5 36 5 0;
40 5 0;
1 6 0;
4 6 5 6 0;
12 6 0;
15 6 18 6 0;
20 6 0;
24 6 0;
28 6 0;
32 6 35 6 0;
41 6 0;
2 7 0;
6 7 0;
11 7 0;
15 7 18 7 0;
20 7 0;
24 7 0;
26 7 27 7 0;
30 7 33 7 0;
35 7 0;
41 7 0;
3 8 0;
7 8 8 8 0;
11 8 0;
14 8 20 8 0;
23 8 25 8 0;
28 8 33 8 0;
36 8 0;
42 8 0;
45 8 0;
4 9 0;
9 9 0;
11 9 0;
14 9 16 9 0;
18 9 20 9 0;
26 9 32 9 0;
37 9 0;
42 9 0;
44 9 0;
46 9 0;
5 10 0;
10 10 11 10 0;
14 10 16 10 0;
20 10 22 10 0;
25 10 31 10 0;
37 10 0;
42 10 43 10 0;
45 10 46 10 0;
6 11 0;
11 11 12 11 0;
14 11 15 11 0;
17 11 0;
20 11 22 11 0;
25 11 32 11 0;
38 11 0;
42 11 0;
44 11 45 11 0;
7 12 0;
13 12 14 12 0;
17 12 0;
20 12 21 12 0;
25 12 33 12 0;
38 12 0;
41 12 0;
44 12 45 12 0;
8 13 0;
14 13 15 13 0;
29 13 34 13 0;
38 13 0;
41 13 0;
43 13 44 13 0;
8 14 9 14 0;
15 14 0;
31 14 35 14 0;
38 14 0;
40 14 0;
42 14 44 14 0;
52 14 53 14 0;
6 15 10 15 0;
16 15 0;
32 15 36 15 0;
38 15 39 15 0;
41 15 44 15 0;
50 15 51 15 0;
53 15 0;
4 16 5 16 0;
7 16 11 16 0;
16 16 0;
22 16 24 16 0;
33 16 38 16 0;
40 16 41 16 0;
43 16 0;
49 16 0;
53 16 0;
3 17 0;
8 17 11 17 0;
15 17 0;
21 17 22 17 0;
25 17 0;
34 17 36 17 0;
39 17 40 17 0;
43 17 0;
47 17 48 17 0;
52 17 0;
2 18 0;
9 18 10 18 0;
12 18 14 18 0;
20 18 21 18 0;
25 18 0;
34 18 39 18 0;
44 18 46 18 0;
52 18 0;
1 19 2 19 0;
9 19 0;
18 19 21 19 0;
25 19 0;
35 19 37 19 0;
40 19 0;
42 19 45 19 0;
51 19 0;
0 20 0;
3 20 0;
9 20 0;
15 20 0;
17 20 19 20 0;
21 20 0;
23 20 24 20 0;
29 20 0;
35 20 0;
40 20 41 20 0;
46 20 47 20 0;
51 20 0;
0 21 0;
3 21 0;
8 21 9 21 0;
16 21 22 21 0;
25 21 0;
28 21 0;
35 21 0;
38 21 39 21 0;
48 21 0;
50 21 0;
0 22 0;
3 22 4 22 0;
6 22 8 22 0;
19 22 20 22 0;
24 22 25 22 0;
28 22 0;
34 22 0;
37 22 0;
49 22 54 22 0;
0 23 0;
2 23 0;
4 23 5 23 0;
8 23 0;
21 23 26 23 0;
29 23 0;
34 23 0;
36 23 0;
45 23 46 23 0;
49 23 0;
1 24 0;
5 24 0;
8 24 0;
13 24 15 24 0;
19 24 26 24 0;
28 24 0;
33 24 0;
36 24 0;
43 24 44 24 0;
47 24 0;
49 24 0;
54 24 0;
1 25 2 25 0;
6 25 0;
8 25 0;
12 25 13 25 0;
16 25 27 25 0;
33 25 0;
35 25 0;
42 25 0;
48 25 49 25 0;
53 25 0;
1 26 0;
3 26 0;
6 26 9 26 0;
14 26 27 26 0;
32 26 35 26 0;
41 26 0;
49 26 0;
52 26 0;
1 27 0;
4 27 5 27 0;
10 27 16 27 0;
18 27 24 27 0;
26 27 27 27 0;
31 27 32 27 0;
35 27 0;
40 27 0;
43 27 47 27 0;
50 27 0;
52 27 0;
2 28 3 28 0;
15 28 26 28 0;
30 28 0;
36 28 0;
39 28 42 28 0;
48 28 0;
51 28 52 28 0;
15 29 0;
17 29 22 29 0;
24 29 25 29 0;
29 29 0;
37 29 38 29 0;
49 29 0;
52 29 53 29 0;
3 30 0;
15 30 17 30 0;
19 30 20 30 0;
22 30 24 30 0;
28 30 0;
36 30 0;
49 30 0;
54 30 0;
2 31 0;
4 31 0;
16 31 22 31 0;
26 31 27 31 0;
35 31 0;
49 31 0;
54 31 0;
2 32 0;
4 32 0;
17 32 0;
24 32 25 32 0;
27 32 0;
35 32 0;
49 32 0;
54 32 0;
1 33 0;
4 33 0;
17 33 23 33 0;
27 33 0;
32 33 34 33 0;
49 33 50 33 0;
53 33 0;
1 34 4 34 0;
17 34 0;
27 34 0;
32 34 0;
34 34 37 34 0;
50 34 0;
53 34 0;
1 35 0;
5 35 0;
17 35 0;
27 35 0;
32 35 0;
34 35 0;
38 35 0;
50 35 52 35 0;
0 36 0;
3 36 5 36 0;
17 36 0;
27 36 0;
33 36 0;
38 36 0;
51 36 52 36 0;
0 37 0;
2 37 0;
6 37 0;
13 37 14 37 0;
18 37 0;
27 37 0;
33 37 37 37 0;
49 37 50 37 0;
53 37 0;
0 38 0;
7 38 0;
12 38 0;
15 38 0;
18 38 0;
27 38 0;
32 38 34 38 0;
47 38 49 38 0;
53 38 0;
0 39 0;
8 39 11 39 0;
16 39 18 39 0;
27 39 28 39 0;
31 39 0;
35 39 36 39 0;
44 39 46 39 0;
49 39 0;
54 39 0;
0 40 0;
6 40 7 40 0;
11 40 0;
16 40 17 40 0;
19 40 0;
28 40 0;
32 40 33 40 0;
37 40 43 40 0;
49 40 0;
51 40 0;
54 40 0;
0 41 1 41 0;
5 41 0;
10 41 0;
18 41 0;
20 41 0;
26 41 30 41 0;
33 41 37 41 0;
40 41 0;
50 41 0;
52 41 0;
1 42 0;
5 42 0;
10 42 0;
19 42 0;
21 42 24 42 0;
31 42 33 42 0;
37 42 0;
40 42 0;
50 42 0;
52 42 0;
2 43 0;
4 43 0;
10 43 0;
20 43 0;
37 43 0;
40 43 0;
50 43 0;
52 43 53 43 0;
2 44 0;
4 44 0;
10 44 0;
20 44 21 44 0;
26 44 30 44 0;
37 44 0;
40 44 0;
50 44 0;
53 44 54 44 0;
3 45 4 45 0;
11 45 0;
18 45 19 45 0;
22 45 25 45 0;
31 45 33 45 0;
37 45 0;
41 45 0;
50 45 0;
54 45 0;
4 46 0;
10 46 0;
12 46 0;
16 46 17 46 0;
24 46 0;
34 46 37 46 0;
41 46 0;
49 46 0;
54 46 0;
5 47 0;
10 47 0;
13 47 15 47 0;
25 47 0;
37 47 0;
42 47 0;
49 47 0;
54 47 0;
6 48 7 48 0;
10 48 0;
26 48 0;
38 48 0;
43 48 44 48 0;
48 48 0;
54 48 0;
8 49 11 49 0;
26 49 27 49 0;
38 49 39 49 0;
45 49 47 49 0;
54 49 0;
10 50 11 50 0;
25 50 26 50 0;
28 50 30 50 0;
39 50 0;
54 50 0;
8 51 13 51 0;
23 51 24 51 0;
31 51 39 51 0;
47 51 51 51 0;
54 51 0;
7 52 0;
13 52 14 52 0;
21 52 22 52 0;
40 52 0;
44 52 53 52 0;
6 53 0;
14 53 20 53 0;
41 53 46 53 0;
51 53 53 53 0;
7 54 14 54 0;
44 54 0;
51 54 52 54 0;
45 55 50 55 0;
