035 Clefairy;
7;
22 11 26 11 0;
34 11 40 11 0;
20 12 21 12 0;
27 12 28 12 0;
31 12 33 12 0;
36 12 41 12 0;
19 13 0;
29 13 30 13 0;
38 13 42 13 0;
18 14 0;
37 14 42 14 0;
14 15 17 15 0;
36 15 41 15 0;
12 16 15 16 0;
17 16 0;
23 16 24 16 0;
35 16 40 16 0;
11 17 14 17 0;
17 17 0;
25 17 0;
34 17 40 17 0;
11 18 13 18 0;
17 18 0;
25 18 0;
34 18 39 18 0;
12 19 0;
18 19 0;
25 19 0;
34 19 38 19 0;
13 20 0;
19 20 0;
24 20 0;
35 20 37 20 0;
14 21 15 21 0;
20 21 23 21 0;
25 21 0;
36 21 37 21 0;
41 21 42 21 0;
15 22 16 22 0;
19 22 0;
26 22 0;
37 22 0;
39 22 40 22 0;
43 22 0;
15 23 0;
18 23 0;
24 23 0;
26 23 0;
37 23 38 23 0;
42 23 0;
15 24 0;
18 24 0;
20 24 0;
24 24 0;
26 24 0;
31 24 33 24 0;
37 24 0;
42 24 0;
15 25 0;
18 25 0;
20 25 0;
30 25 0;
34 25 0;
38 25 0;
41 25 0;
15 26 0;
27 26 0;
30 26 0;
35 26 0;
38 26 0;
41 26 0;
12 27 14 27 0;
22 27 24 27 0;
35 27 0;
38 27 0;
42 27 0;
11 28 0;
18 28 0;
22 28 24 28 0;
35 28 0;
39 28 0;
43 28 0;
11 29 0;
23 29 24 29 0;
35 29 0;
39 29 0;
42 29 0;
44 29 0;
11 30 0;
34 30 0;
39 30 41 30 0;
45 30 0;
12 31 0;
39 31 0;
45 31 0;
13 32 14 32 0;
30 32 32 32 0;
39 32 40 32 0;
46 32 0;
15 33 0;
29 33 0;
33 33 34 33 0;
39 33 0;
41 33 0;
46 33 0;
11 34 15 34 0;
28 34 29 34 0;
33 34 0;
35 34 0;
39 34 0;
42 34 0;
46 34 0;
10 35 0;
15 35 16 35 0;
28 35 0;
30 35 32 35 0;
35 35 0;
39 35 0;
42 35 0;
46 35 0;
10 36 0;
14 36 0;
17 36 18 36 0;
28 36 0;
36 36 0;
38 36 0;
42 36 0;
46 36 0;
11 37 13 37 0;
19 37 0;
27 37 0;
36 37 0;
38 37 0;
41 37 0;
46 37 0;
11 38 0;
27 38 0;
32 38 33 38 0;
36 38 38 38 0;
41 38 0;
45 38 0;
12 39 0;
14 39 15 39 0;
27 39 0;
31 39 34 39 0;
37 39 0;
40 39 0;
45 39 0;
13 40 16 40 0;
21 40 0;
28 40 0;
31 40 34 40 0;
37 40 39 40 0;
44 40 0;
14 41 16 41 0;
20 41 23 41 0;
28 41 0;
31 41 34 41 0;
36 41 0;
44 41 0;
15 42 16 42 0;
19 42 20 42 0;
24 42 27 42 0;
29 42 0;
32 42 33 42 0;
36 42 0;
43 42 0;
17 43 19 43 0;
30 43 0;
35 43 0;
41 43 42 43 0;
31 44 34 44 0;
39 44 40 44 0;
35 45 38 45 0;
