036 Clefable;
7;
4 5 7 5 0;
4 6 9 6 0;
4 7 12 7 0;
5 8 8 8 0;
12 8 14 8 0;
5 9 7 9 0;
14 9 16 9 0;
6 10 7 10 0;
16 10 18 10 0;
20 10 24 10 0;
41 10 49 10 0;
6 11 7 11 0;
18 11 19 11 0;
24 11 26 11 0;
36 11 41 11 0;
45 11 51 11 0;
7 12 8 12 0;
17 12 0;
26 12 28 12 0;
31 12 36 12 0;
47 12 51 12 0;
8 13 0;
16 13 0;
28 13 31 13 0;
47 13 51 13 0;
9 14 0;
13 14 0;
16 14 0;
21 14 24 14 0;
47 14 50 14 0;
10 15 0;
13 15 0;
16 15 0;
20 15 0;
24 15 0;
46 15 49 15 0;
6 16 8 16 0;
11 16 0;
13 16 0;
16 16 0;
24 16 0;
46 16 47 16 0;
5 17 0;
9 17 0;
12 17 13 17 0;
17 17 0;
24 17 0;
44 17 46 17 0;
5 18 0;
8 18 0;
10 18 0;
12 18 0;
18 18 19 18 0;
23 18 0;
37 18 38 18 0;
42 18 44 18 0;
5 19 0;
10 19 12 19 0;
20 19 22 19 0;
36 19 0;
39 19 42 19 0;
4 20 0;
6 20 0;
11 20 0;
16 20 0;
18 20 0;
25 20 0;
27 20 0;
36 20 0;
40 20 0;
49 20 50 20 0;
4 21 0;
6 21 0;
11 21 0;
16 21 0;
18 21 0;
25 21 0;
27 21 0;
35 21 0;
37 21 0;
40 21 0;
46 21 48 21 0;
51 21 0;
5 22 0;
7 22 0;
11 22 0;
16 22 0;
18 22 0;
25 22 0;
27 22 0;
35 22 0;
40 22 0;
43 22 45 22 0;
50 22 0;
6 23 7 23 0;
11 23 0;
17 23 0;
26 23 0;
35 23 0;
40 23 42 23 0;
48 23 49 23 0;
7 24 0;
10 24 0;
13 24 14 24 0;
28 24 30 24 0;
34 24 0;
40 24 0;
46 24 47 24 0;
8 25 0;
10 25 0;
13 25 14 25 0;
28 25 30 25 0;
34 25 0;
40 25 0;
43 25 45 25 0;
5 26 7 26 0;
9 26 10 26 0;
18 26 0;
24 26 0;
34 26 0;
40 26 42 26 0;
44 26 0;
4 27 0;
8 27 10 27 0;
19 27 23 27 0;
39 27 0;
43 27 0;
5 28 6 28 0;
10 28 0;
39 28 0;
43 28 0;
7 29 8 29 0;
10 29 0;
39 29 0;
43 29 48 29 0;
9 30 10 30 0;
39 30 42 30 0;
49 30 0;
9 31 10 31 0;
40 31 0;
43 31 0;
47 31 48 31 0;
7 32 8 32 0;
10 32 0;
40 32 0;
44 32 46 32 0;
6 33 0;
10 33 0;
40 33 0;
45 33 0;
7 34 10 34 0;
40 34 0;
45 34 0;
10 35 0;
40 35 0;
42 35 0;
46 35 0;
10 36 0;
40 36 0;
42 36 43 36 0;
46 36 0;
11 37 0;
40 37 0;
43 37 0;
47 37 0;
11 38 0;
41 38 0;
43 38 0;
47 38 0;
11 39 0;
36 39 41 39 0;
43 39 0;
47 39 0;
12 40 0;
35 40 0;
38 40 0;
41 40 0;
43 40 0;
47 40 0;
12 41 0;
34 41 35 41 0;
38 41 0;
41 41 42 41 0;
47 41 0;
13 42 0;
34 42 0;
36 42 42 42 0;
46 42 0;
13 43 0;
33 43 0;
42 43 0;
46 43 0;
14 44 0;
33 44 0;
37 44 39 44 0;
42 44 0;
45 44 0;
14 45 0;
33 45 0;
36 45 0;
38 45 40 45 0;
42 45 0;
45 45 0;
15 46 0;
24 46 29 46 0;
33 46 0;
36 46 40 46 0;
42 46 0;
44 46 0;
15 47 0;
23 47 0;
30 47 31 47 0;
33 47 0;
37 47 39 47 0;
42 47 43 47 0;
15 48 18 48 0;
22 48 0;
32 48 34 48 0;
41 48 0;
14 49 0;
16 49 0;
19 49 0;
21 49 0;
35 49 0;
40 49 0;
15 50 20 50 0;
36 50 39 50 0;
