037 Vulpix;
4;
12 5 15 5 0;
11 6 0;
16 6 0;
10 7 0;
17 7 0;
10 8 0;
17 8 21 8 0;
9 9 0;
14 9 0;
16 9 17 9 0;
22 9 0;
9 10 0;
14 10 16 10 0;
23 10 0;
9 11 0;
15 11 0;
23 11 0;
7 12 9 12 0;
14 12 0;
23 12 0;
7 13 0;
9 13 10 13 0;
14 13 0;
19 13 0;
23 13 0;
7 14 0;
10 14 0;
14 14 0;
20 14 22 14 0;
7 15 0;
11 15 0;
14 15 0;
22 15 26 15 0;
7 16 0;
11 16 0;
19 16 22 16 0;
27 16 0;
8 17 0;
11 17 12 17 0;
17 17 18 17 0;
24 17 25 17 0;
27 17 0;
8 18 9 18 0;
15 18 16 18 0;
22 18 24 18 0;
27 18 0;
8 19 0;
21 19 23 19 0;
26 19 0;
35 19 39 19 0;
8 20 0;
25 20 0;
30 20 31 20 0;
33 20 34 20 0;
40 20 0;
8 21 0;
10 21 0;
24 21 0;
29 21 0;
32 21 0;
39 21 41 21 0;
8 22 0;
10 22 0;
15 22 0;
22 22 23 22 0;
28 22 0;
31 22 0;
37 22 38 22 0;
42 22 44 22 0;
7 23 0;
9 23 11 23 0;
15 23 16 23 0;
22 23 0;
27 23 0;
31 23 0;
36 23 0;
45 23 0;
7 24 0;
12 24 0;
15 24 16 24 0;
21 24 22 24 0;
27 24 0;
30 24 0;
35 24 0;
46 24 0;
7 25 0;
9 25 10 25 0;
20 25 0;
22 25 0;
27 25 0;
30 25 0;
35 25 0;
42 25 46 25 0;
7 26 0;
9 26 10 26 0;
18 26 0;
23 26 0;
27 26 0;
30 26 0;
34 26 0;
40 26 41 26 0;
47 26 0;
7 27 0;
16 27 0;
24 27 0;
27 27 0;
30 27 0;
34 27 0;
39 27 0;
48 27 0;
8 28 9 28 0;
13 28 14 28 0;
25 28 0;
27 28 0;
31 28 0;
34 28 0;
38 28 0;
49 28 0;
10 29 12 29 0;
26 29 0;
28 29 0;
31 29 0;
34 29 0;
37 29 0;
49 29 0;
11 30 0;
15 30 0;
27 30 29 30 0;
32 30 0;
34 30 0;
36 30 0;
50 30 0;
11 31 0;
16 31 0;
29 31 30 31 0;
32 31 0;
36 31 0;
40 31 43 31 0;
50 31 0;
12 32 0;
17 32 0;
31 32 0;
33 32 0;
35 32 0;
38 32 39 32 0;
44 32 45 32 0;
50 32 0;
11 33 12 33 0;
17 33 0;
32 33 33 33 0;
35 33 0;
37 33 0;
46 33 47 33 0;
50 33 0;
10 34 0;
13 34 0;
17 34 0;
33 34 0;
36 34 0;
48 34 49 34 0;
10 35 0;
14 35 0;
16 35 0;
34 35 35 35 0;
49 35 0;
10 36 0;
15 36 16 36 0;
23 36 0;
34 36 0;
50 36 0;
11 37 0;
15 37 16 37 0;
21 37 22 37 0;
25 37 0;
35 37 0;
39 37 43 37 0;
50 37 0;
12 38 0;
15 38 0;
20 38 22 38 0;
26 38 0;
35 38 38 38 0;
44 38 45 38 0;
50 38 0;
13 39 14 39 0;
20 39 0;
22 39 23 39 0;
27 39 0;
35 39 0;
46 39 0;
50 39 0;
14 40 0;
19 40 20 40 0;
22 40 0;
24 40 0;
27 40 0;
35 40 37 40 0;
47 40 0;
49 40 0;
13 41 0;
19 41 0;
22 41 0;
25 41 27 41 0;
35 41 0;
38 41 0;
47 41 0;
49 41 0;
13 42 0;
18 42 19 42 0;
22 42 0;
26 42 0;
28 42 0;
35 42 0;
39 42 0;
48 42 0;
12 43 0;
17 43 18 43 0;
22 43 0;
26 43 0;
29 43 0;
35 43 0;
40 43 0;
42 43 44 43 0;
49 43 0;
12 44 0;
17 44 0;
22 44 0;
25 44 0;
29 44 0;
35 44 0;
41 44 42 44 0;
45 44 0;
49 44 0;
12 45 0;
16 45 0;
21 45 0;
25 45 0;
30 45 0;
35 45 0;
41 45 0;
45 45 0;
49 45 0;
13 46 15 46 0;
21 46 0;
25 46 0;
30 46 0;
35 46 0;
41 46 0;
49 46 0;
20 47 0;
24 47 0;
30 47 0;
35 47 0;
41 47 0;
48 47 0;
19 48 0;
24 48 0;
30 48 0;
35 48 0;
42 48 0;
46 48 47 48 0;
19 49 0;
23 49 0;
30 49 0;
35 49 0;
43 49 45 49 0;
20 50 22 50 0;
31 50 0;
34 50 0;
32 51 33 51 0;
