038 Ninetales;
4;
13 0 16 0 0;
10 1 12 1 0;
17 1 0;
9 2 0;
18 2 19 2 0;
3 3 0;
8 3 0;
20 3 0;
3 4 4 4 0;
7 4 0;
15 4 16 4 0;
21 4 0;
3 5 0;
5 5 0;
7 5 0;
14 5 0;
16 5 0;
22 5 0;
37 5 38 5 0;
3 6 0;
5 6 0;
7 6 0;
13 6 0;
16 6 17 6 0;
23 6 0;
26 6 27 6 0;
35 6 36 6 0;
39 6 40 6 0;
3 7 0;
6 7 7 7 0;
12 7 0;
16 7 0;
18 7 0;
24 7 0;
27 7 28 7 0;
34 7 0;
41 7 0;
3 8 0;
6 8 0;
11 8 0;
16 8 0;
20 8 0;
25 8 0;
27 8 28 8 0;
33 8 0;
42 8 0;
3 9 0;
5 9 0;
15 9 0;
21 9 22 9 0;
26 9 27 9 0;
32 9 0;
43 9 0;
4 10 0;
15 10 0;
25 10 26 10 0;
29 10 32 10 0;
43 10 0;
3 11 0;
10 11 0;
17 11 18 11 0;
23 11 24 11 0;
28 11 0;
32 11 0;
44 11 0;
3 12 0;
9 12 11 12 0;
16 12 17 12 0;
19 12 22 12 0;
27 12 0;
31 12 0;
42 12 45 12 0;
3 13 0;
8 13 10 13 0;
17 13 0;
26 13 0;
31 13 0;
40 13 41 13 0;
46 13 47 13 0;
2 14 0;
8 14 9 14 0;
18 14 0;
26 14 0;
31 14 0;
39 14 0;
48 14 0;
2 15 0;
8 15 0;
19 15 0;
24 15 26 15 0;
31 15 0;
38 15 0;
49 15 0;
2 16 0;
20 16 0;
23 16 0;
26 16 0;
31 16 0;
37 16 0;
50 16 0;
1 17 0;
10 17 0;
21 17 22 17 0;
26 17 0;
31 17 0;
36 17 0;
51 17 0;
1 18 0;
7 18 0;
22 18 0;
27 18 0;
31 18 0;
36 18 0;
51 18 0;
1 19 2 19 0;
5 19 6 19 0;
9 19 0;
23 19 0;
27 19 0;
31 19 0;
35 19 0;
52 19 0;
1 20 4 20 0;
6 20 0;
8 20 9 20 0;
14 20 0;
24 20 0;
27 20 0;
31 20 0;
35 20 0;
52 20 0;
7 21 0;
9 21 0;
15 21 0;
25 21 0;
28 21 0;
32 21 0;
35 21 0;
43 21 48 21 0;
52 21 0;
4 22 0;
8 22 0;
15 22 0;
26 22 0;
29 22 0;
32 22 0;
34 22 0;
41 22 42 22 0;
49 22 0;
52 22 0;
3 23 4 23 0;
8 23 0;
16 23 0;
28 23 29 23 0;
32 23 0;
34 23 0;
40 23 0;
50 23 51 23 0;
2 24 3 24 0;
7 24 0;
13 24 0;
16 24 0;
30 24 0;
32 24 0;
34 24 0;
39 24 0;
51 24 0;
1 25 3 25 0;
7 25 0;
14 25 0;
16 25 0;
31 25 32 25 0;
34 25 0;
38 25 0;
52 25 0;
1 26 3 26 0;
7 26 8 26 0;
15 26 16 26 0;
33 26 34 26 0;
38 26 0;
53 26 0;
0 27 2 27 0;
6 27 0;
8 27 0;
14 27 0;
16 27 0;
35 27 0;
37 27 0;
53 27 0;
0 28 2 28 0;
5 28 0;
9 28 0;
15 28 0;
36 28 37 28 0;
54 28 0;
0 29 1 29 0;
4 29 0;
10 29 0;
15 29 0;
21 29 0;
37 29 44 29 0;
54 29 0;
0 30 1 30 0;
4 30 0;
10 30 11 30 0;
15 30 0;
45 30 47 30 0;
54 30 0;
1 31 0;
4 31 0;
10 31 0;
12 31 13 31 0;
15 31 0;
21 31 0;
38 31 0;
48 31 49 31 0;
54 31 0;
1 32 0;
4 32 0;
6 32 0;
8 32 9 32 0;
14 32 15 32 0;
21 32 0;
37 32 0;
39 32 0;
50 32 0;
54 32 0;
5 33 7 33 0;
15 33 0;
21 33 0;
23 33 0;
37 33 0;
40 33 0;
51 33 0;
54 33 0;
2 34 0;
15 34 0;
21 34 23 34 0;
36 34 0;
38 34 0;
41 34 0;
52 34 53 34 0;
16 35 0;
21 35 0;
23 35 0;
34 35 35 35 0;
38 35 0;
42 35 0;
53 35 0;
16 36 0;
21 36 0;
23 36 0;
32 36 0;
39 36 0;
43 36 0;
54 36 0;
16 37 0;
21 37 0;
24 37 0;
30 37 31 37 0;
39 37 0;
44 37 0;
54 37 0;
16 38 0;
21 38 0;
25 38 0;
27 38 28 38 0;
31 38 0;
39 38 0;
44 38 45 38 0;
54 38 0;
16 39 0;
21 39 26 39 0;
30 39 0;
39 39 0;
45 39 0;
16 40 0;
21 40 22 40 0;
29 40 0;
39 40 0;
45 40 0;
15 41 19 41 0;
28 41 0;
39 41 0;
46 41 0;
11 42 14 42 0;
27 42 0;
39 42 0;
46 42 0;
9 43 10 43 0;
25 43 26 43 0;
39 43 0;
47 43 0;
7 44 8 44 0;
23 44 24 44 0;
39 44 0;
47 44 0;
6 45 0;
21 45 22 45 0;
38 45 0;
47 45 0;
54 45 0;
5 46 0;
18 46 20 46 0;
37 46 0;
47 46 0;
54 46 0;
4 47 0;
15 47 17 47 0;
35 47 36 47 0;
47 47 0;
53 47 0;
3 48 0;
13 48 14 48 0;
33 48 34 48 0;
47 48 0;
52 48 0;
3 49 0;
11 49 12 49 0;
32 49 0;
46 49 0;
51 49 0;
2 50 0;
6 50 8 50 0;
10 50 0;
30 50 31 50 0;
46 50 0;
50 50 0;
2 51 0;
4 51 5 51 0;
9 51 0;
27 51 29 51 0;
45 51 0;
47 51 49 51 0;
2 52 3 52 0;
8 52 0;
23 52 26 52 0;
44 52 0;
2 53 0;
7 53 0;
13 53 22 53 0;
27 53 32 53 0;
40 53 43 53 0;
8 54 12 54 0;
33 54 39 54 0;
