039 Jigglypuff;
7;
37 13 38 13 0;
18 14 19 14 0;
36 14 0;
39 14 0;
17 15 0;
20 15 0;
23 15 31 15 0;
35 15 0;
40 15 0;
17 16 0;
20 16 22 16 0;
32 16 34 16 0;
37 16 38 16 0;
40 16 0;
16 17 0;
19 17 0;
36 17 39 17 0;
41 17 0;
16 18 0;
18 18 0;
20 18 0;
27 18 0;
35 18 39 18 0;
41 18 0;
16 19 17 19 0;
19 19 0;
27 19 0;
35 19 39 19 0;
41 19 0;
16 20 0;
18 20 0;
27 20 0;
36 20 39 20 0;
41 20 0;
15 21 0;
18 21 0;
26 21 0;
28 21 30 21 0;
37 21 38 21 0;
40 21 0;
15 22 0;
18 22 0;
25 22 0;
27 22 0;
31 22 0;
41 22 0;
14 23 0;
17 23 18 23 0;
24 23 0;
26 23 0;
28 23 30 23 0;
32 23 0;
41 23 0;
14 24 0;
16 24 0;
19 24 0;
23 24 0;
25 24 0;
27 24 29 24 0;
31 24 0;
33 24 0;
41 24 0;
13 25 0;
15 25 0;
17 25 18 25 0;
20 25 0;
23 25 0;
25 25 0;
27 25 31 25 0;
33 25 0;
42 25 0;
13 26 0;
16 26 17 26 0;
19 26 0;
21 26 22 26 0;
25 26 0;
27 26 31 26 0;
33 26 0;
40 26 44 26 0;
13 27 0;
16 27 19 27 0;
21 27 0;
26 27 0;
28 27 30 27 0;
32 27 0;
39 27 0;
44 27 0;
9 28 13 28 0;
15 28 0;
17 28 18 28 0;
20 28 0;
27 28 0;
31 28 0;
43 28 0;
8 29 0;
16 29 0;
19 29 0;
28 29 30 29 0;
42 29 0;
9 30 0;
17 30 18 30 0;
41 30 42 30 0;
10 31 11 31 0;
13 31 0;
21 31 25 31 0;
40 31 0;
42 31 0;
12 32 13 32 0;
22 32 25 32 0;
39 32 0;
42 32 0;
13 33 0;
23 33 24 33 0;
42 33 0;
14 34 0;
23 34 24 34 0;
42 34 0;
14 35 0;
41 35 0;
15 36 0;
41 36 0;
15 37 0;
40 37 0;
16 38 0;
39 38 0;
17 39 0;
37 39 38 39 0;
18 40 19 40 0;
35 40 36 40 0;
20 41 24 41 0;
29 41 34 41 0;
20 42 0;
25 42 28 42 0;
35 42 0;
19 43 0;
25 43 0;
29 43 30 43 0;
36 43 0;
19 44 0;
22 44 24 44 0;
31 44 32 44 0;
36 44 0;
19 45 21 45 0;
33 45 35 45 0;
