004 Charmander;
4;
31 7 0;
31 8 0;
16 9 21 9 0;
31 9 32 9 0;
15 10 0;
22 10 23 10 0;
31 10 32 10 0;
14 11 0;
24 11 0;
37 11 0;
13 12 0;
25 12 0;
32 12 33 12 0;
13 13 0;
25 13 0;
32 13 0;
34 13 35 13 0;
41 13 0;
12 14 0;
22 14 24 14 0;
26 14 0;
33 14 0;
36 14 0;
12 15 13 15 0;
21 15 0;
24 15 0;
26 15 0;
33 15 0;
37 15 39 15 0;
12 16 13 16 0;
20 16 21 16 0;
23 16 24 16 0;
26 16 0;
34 16 0;
40 16 0;
12 17 14 17 0;
20 17 23 17 0;
26 17 0;
31 17 0;
34 17 0;
37 17 0;
41 17 42 17 0;
12 18 14 18 0;
19 18 22 18 0;
27 18 0;
31 18 32 18 0;
34 18 0;
38 18 0;
43 18 0;
13 19 0;
27 19 0;
32 19 0;
34 19 0;
38 19 39 19 0;
44 19 0;
12 20 0;
27 20 0;
34 20 0;
38 20 40 20 0;
44 20 0;
12 21 0;
21 21 0;
24 21 0;
28 21 0;
34 21 0;
39 21 40 21 0;
45 21 0;
12 22 0;
21 22 0;
23 22 0;
28 22 0;
34 22 0;
39 22 41 22 0;
45 22 0;
13 23 0;
20 23 0;
22 23 0;
29 23 0;
34 23 0;
39 23 41 23 0;
46 23 0;
14 24 0;
19 24 0;
21 24 0;
23 24 0;
29 24 0;
35 24 0;
40 24 42 24 0;
46 24 0;
15 25 20 25 0;
24 25 0;
30 25 0;
35 25 0;
40 25 42 25 0;
46 25 0;
19 26 0;
25 26 0;
31 26 0;
36 26 0;
40 26 43 26 0;
46 26 0;
19 27 0;
24 27 0;
32 27 0;
37 27 0;
40 27 43 27 0;
46 27 0;
18 28 0;
23 28 0;
33 28 0;
40 28 0;
43 28 0;
45 28 0;
17 29 18 29 0;
22 29 0;
28 29 0;
34 29 0;
39 29 0;
43 29 0;
16 30 0;
18 30 0;
21 30 0;
28 30 0;
34 30 0;
38 30 0;
42 30 0;
14 31 15 31 0;
18 31 0;
21 31 0;
27 31 0;
34 31 0;
37 31 0;
42 31 0;
13 32 0;
18 32 0;
21 32 0;
23 32 0;
26 32 27 32 0;
35 32 36 32 0;
41 32 0;
13 33 0;
15 33 0;
18 33 0;
21 33 22 33 0;
25 33 0;
27 33 0;
35 33 0;
41 33 0;
13 34 14 34 0;
18 34 0;
22 34 24 34 0;
27 34 0;
35 34 0;
40 34 0;
14 35 16 35 0;
19 35 0;
27 35 0;
35 35 0;
39 35 0;
19 36 0;
28 36 0;
35 36 0;
38 36 0;
20 37 0;
28 37 0;
34 37 0;
36 37 37 37 0;
21 38 0;
29 38 0;
34 38 35 38 0;
22 39 0;
30 39 0;
33 39 0;
23 40 24 40 0;
29 40 31 40 0;
34 40 35 40 0;
22 41 0;
25 41 28 41 0;
31 41 0;
36 41 0;
21 42 0;
26 42 0;
31 42 0;
37 42 0;
19 43 20 43 0;
27 43 0;
31 43 0;
38 43 0;
18 44 0;
27 44 0;
31 44 0;
39 44 0;
17 45 0;
23 45 0;
27 45 0;
32 45 0;
34 45 0;
40 45 0;
17 46 0;
19 46 0;
22 46 0;
25 46 26 46 0;
32 46 0;
35 46 0;
38 46 0;
40 46 0;
18 47 24 47 0;
33 47 39 47 0;
