040 Wigglytuff;
7;
23 4 26 4 0;
48 4 51 4 0;
6 5 8 5 0;
21 5 22 5 0;
27 5 28 5 0;
45 5 47 5 0;
51 5 0;
6 6 0;
9 6 10 6 0;
20 6 0;
29 6 0;
43 6 44 6 0;
51 6 0;
6 7 0;
11 7 12 7 0;
19 7 0;
26 7 0;
30 7 0;
41 7 42 7 0;
46 7 48 7 0;
51 7 0;
6 8 0;
9 8 0;
13 8 14 8 0;
19 8 0;
25 8 0;
30 8 0;
39 8 40 8 0;
44 8 48 8 0;
50 8 0;
7 9 0;
9 9 11 9 0;
15 9 16 9 0;
18 9 0;
25 9 0;
30 9 0;
38 9 0;
42 9 47 9 0;
50 9 0;
7 10 0;
10 10 13 10 0;
17 10 18 10 0;
26 10 0;
29 10 0;
31 10 34 10 0;
37 10 0;
40 10 46 10 0;
49 10 0;
8 11 0;
12 11 15 11 0;
18 11 0;
27 11 28 11 0;
35 11 37 11 0;
39 11 45 11 0;
48 11 0;
9 12 10 12 0;
14 12 15 12 0;
19 12 0;
38 12 43 12 0;
46 12 47 12 0;
11 13 12 13 0;
19 13 0;
32 13 0;
39 13 41 13 0;
44 13 45 13 0;
13 14 0;
20 14 0;
31 14 0;
40 14 0;
42 14 43 14 0;
12 15 0;
21 15 22 15 0;
29 15 30 15 0;
41 15 42 15 0;
12 16 0;
23 16 28 16 0;
40 16 41 16 0;
11 17 0;
15 17 19 17 0;
42 17 0;
11 18 0;
14 18 0;
20 18 0;
29 18 34 18 0;
43 18 0;
10 19 0;
13 19 0;
16 19 18 19 0;
21 19 0;
28 19 0;
35 19 36 19 0;
43 19 0;
10 20 0;
13 20 0;
15 20 17 20 0;
19 20 0;
21 20 0;
27 20 0;
30 20 34 20 0;
37 20 0;
43 20 0;
6 21 7 21 0;
10 21 0;
12 21 0;
14 21 17 21 0;
20 21 0;
22 21 0;
26 21 0;
29 21 33 21 0;
35 21 0;
37 21 0;
44 21 0;
5 22 0;
8 22 9 22 0;
12 22 0;
14 22 20 22 0;
22 22 0;
26 22 0;
28 22 33 22 0;
36 22 0;
38 22 0;
44 22 0;
47 22 49 22 0;
5 23 0;
9 23 0;
12 23 0;
14 23 20 23 0;
22 23 0;
26 23 0;
28 23 36 23 0;
38 23 0;
44 23 0;
46 23 0;
50 23 0;
5 24 0;
9 24 0;
12 24 0;
14 24 20 24 0;
22 24 0;
26 24 0;
28 24 36 24 0;
38 24 0;
45 24 0;
50 24 0;
5 25 0;
9 25 0;
13 25 0;
15 25 19 25 0;
21 25 0;
26 25 0;
28 25 36 25 0;
38 25 0;
44 25 0;
50 25 0;
5 26 0;
8 26 0;
13 26 0;
16 26 18 26 0;
21 26 0;
26 26 0;
29 26 35 26 0;
37 26 0;
49 26 0;
6 27 0;
8 27 0;
14 27 15 27 0;
20 27 0;
27 27 0;
30 27 34 27 0;
37 27 0;
49 27 0;
6 28 0;
8 28 0;
16 28 19 28 0;
28 28 29 28 0;
35 28 36 28 0;
48 28 0;
6 29 0;
30 29 34 29 0;
48 29 0;
6 30 0;
20 30 0;
27 30 0;
47 30 0;
7 31 0;
21 31 26 31 0;
32 31 0;
47 31 0;
7 32 0;
17 32 0;
22 32 25 32 0;
34 32 0;
47 32 0;
7 33 0;
35 33 0;
46 33 0;
7 34 8 34 0;
15 34 0;
36 34 0;
46 34 0;
8 35 0;
46 35 0;
8 36 0;
14 36 0;
37 36 0;
46 36 0;
8 37 0;
46 37 0;
8 38 0;
13 38 0;
38 38 0;
46 38 0;
9 39 0;
46 39 0;
9 40 0;
38 40 0;
45 40 0;
9 41 0;
13 41 0;
45 41 0;
10 42 0;
13 42 0;
38 42 0;
44 42 0;
10 43 0;
14 43 0;
44 43 0;
11 44 0;
15 44 0;
37 44 0;
43 44 0;
12 45 13 45 0;
16 45 0;
36 45 0;
41 45 43 45 0;
10 46 11 46 0;
14 46 15 46 0;
18 46 0;
35 46 0;
40 46 0;
44 46 45 46 0;
8 47 9 47 0;
17 47 0;
20 47 0;
33 47 0;
38 47 39 47 0;
46 47 48 47 0;
6 48 7 48 0;
19 48 21 48 0;
34 48 36 48 0;
49 48 50 48 0;
5 49 0;
18 49 0;
22 49 33 49 0;
37 49 38 49 0;
51 49 0;
5 50 0;
14 50 17 50 0;
39 50 42 50 0;
51 50 0;
6 51 13 51 0;
43 51 50 51 0;
