041 Zubat;
6;
35 10 36 10 0;
16 11 17 11 0;
31 11 32 11 0;
34 11 0;
37 11 38 11 0;
15 12 16 12 0;
18 12 19 12 0;
29 12 30 12 0;
32 12 0;
34 12 0;
36 12 0;
39 12 0;
14 13 0;
16 13 0;
20 13 22 13 0;
27 13 28 13 0;
32 13 0;
34 13 0;
36 13 38 13 0;
40 13 0;
13 14 0;
15 14 16 14 0;
18 14 0;
22 14 27 14 0;
30 14 0;
32 14 33 14 0;
36 14 39 14 0;
41 14 0;
12 15 0;
14 15 17 15 0;
19 15 0;
29 15 0;
32 15 33 15 0;
35 15 40 15 0;
42 15 0;
12 16 0;
14 16 17 16 0;
31 16 0;
35 16 41 16 0;
43 16 0;
11 17 0;
13 17 18 17 0;
31 17 0;
34 17 35 17 0;
37 17 0;
40 17 41 17 0;
43 17 0;
11 18 0;
13 18 15 18 0;
17 18 18 18 0;
21 18 0;
23 18 24 18 0;
26 18 0;
31 18 0;
34 18 0;
38 18 0;
41 18 42 18 0;
44 18 0;
10 19 0;
12 19 14 19 0;
18 19 0;
20 19 21 19 0;
23 19 24 19 0;
26 19 27 19 0;
31 19 0;
33 19 34 19 0;
38 19 0;
42 19 0;
44 19 0;
10 20 0;
12 20 0;
14 20 0;
18 20 0;
20 20 28 20 0;
31 20 33 20 0;
39 20 0;
43 20 0;
45 20 0;
10 21 0;
12 21 0;
14 21 0;
18 21 0;
20 21 28 21 0;
30 21 0;
32 21 33 21 0;
39 21 0;
43 21 0;
45 21 0;
9 22 0;
11 22 0;
14 22 0;
18 22 0;
20 22 0;
22 22 25 22 0;
27 22 28 22 0;
30 22 0;
32 22 34 22 0;
39 22 0;
43 22 0;
45 22 0;
9 23 0;
11 23 0;
14 23 0;
19 23 0;
22 23 25 23 0;
27 23 0;
29 23 0;
33 23 34 23 0;
40 23 0;
43 23 0;
45 23 46 23 0;
9 24 0;
11 24 0;
15 24 0;
20 24 0;
28 24 0;
33 24 34 24 0;
40 24 0;
44 24 0;
46 24 0;
9 25 0;
11 25 0;
15 25 0;
21 25 27 25 0;
33 25 34 25 0;
40 25 0;
44 25 0;
46 25 0;
8 26 0;
10 26 0;
15 26 0;
22 26 0;
33 26 34 26 0;
40 26 0;
44 26 0;
46 26 0;
8 27 0;
10 27 0;
15 27 0;
23 27 0;
33 27 34 27 0;
40 27 0;
44 27 0;
46 27 0;
8 28 0;
10 28 0;
16 28 0;
24 28 0;
32 28 35 28 0;
40 28 0;
44 28 0;
46 28 0;
8 29 0;
10 29 0;
16 29 0;
24 29 33 29 0;
36 29 0;
40 29 0;
44 29 0;
46 29 0;
9 30 0;
11 30 0;
16 30 0;
22 30 23 30 0;
25 30 0;
27 30 33 30 0;
37 30 0;
40 30 0;
44 30 0;
46 30 0;
9 31 0;
11 31 0;
17 31 0;
21 31 0;
25 31 0;
28 31 0;
31 31 0;
33 31 0;
37 31 0;
40 31 0;
44 31 0;
46 31 0;
9 32 0;
11 32 0;
17 32 0;
20 32 0;
24 32 0;
27 32 0;
31 32 0;
33 32 0;
38 32 0;
40 32 0;
44 32 0;
46 32 0;
10 33 0;
12 33 0;
18 33 0;
24 33 0;
27 33 0;
31 33 0;
33 33 0;
44 33 0;
46 33 0;
10 34 0;
12 34 0;
18 34 19 34 0;
23 34 0;
26 34 0;
31 34 0;
33 34 0;
40 34 41 34 0;
44 34 0;
46 34 0;
11 35 0;
13 35 0;
17 35 0;
19 35 0;
23 35 0;
25 35 0;
31 35 0;
33 35 0;
39 35 0;
42 35 43 35 0;
45 35 0;
11 36 0;
13 36 0;
16 36 0;
22 36 0;
25 36 0;
31 36 0;
33 36 0;
43 36 0;
45 36 0;
12 37 0;
14 37 0;
16 37 0;
22 37 0;
24 37 0;
30 37 0;
32 37 0;
43 37 0;
45 37 0;
13 38 0;
15 38 16 38 0;
21 38 0;
23 38 0;
30 38 0;
32 38 0;
43 38 0;
45 38 0;
14 39 0;
16 39 0;
20 39 0;
22 39 0;
30 39 0;
32 39 0;
44 39 0;
15 40 16 40 0;
19 40 0;
21 40 0;
30 40 0;
32 40 0;
43 40 0;
16 41 0;
18 41 0;
20 41 0;
30 41 0;
32 41 0;
42 41 0;
18 42 19 42 0;
30 42 31 42 0;
17 43 18 43 0;
30 43 31 43 0;
16 44 17 44 0;
30 44 31 44 0;
15 45 16 45 0;
30 45 0;
30 46 0;
