042 Golbat;
6;
0 1 3 1 0;
38 1 41 1 0;
53 1 54 1 0;
0 2 0;
4 2 6 2 0;
36 2 37 2 0;
43 2 50 2 0;
52 2 0;
1 3 2 3 0;
7 3 8 3 0;
34 3 35 3 0;
39 3 42 3 0;
51 3 0;
2 4 5 4 0;
9 4 10 4 0;
33 4 0;
37 4 38 4 0;
50 4 0;
2 5 0;
6 5 7 5 0;
11 5 0;
32 5 0;
35 5 36 5 0;
50 5 0;
2 6 0;
8 6 9 6 0;
12 6 0;
23 6 0;
31 6 0;
34 6 0;
49 6 0;
2 7 0;
10 7 0;
13 7 14 7 0;
22 7 0;
24 7 0;
30 7 0;
33 7 0;
49 7 0;
3 8 0;
11 8 0;
13 8 0;
15 8 0;
21 8 0;
24 8 0;
30 8 0;
32 8 0;
48 8 0;
3 9 0;
13 9 0;
16 9 0;
20 9 0;
25 9 0;
29 9 0;
32 9 0;
48 9 0;
3 10 0;
12 10 13 10 0;
17 10 19 10 0;
25 10 0;
29 10 0;
31 10 0;
47 10 0;
4 11 0;
12 11 13 11 0;
20 11 25 11 0;
28 11 0;
31 11 0;
47 11 0;
4 12 0;
12 12 17 12 0;
19 12 0;
22 12 23 12 0;
26 12 0;
28 12 0;
31 12 0;
47 12 0;
4 13 0;
11 13 0;
14 13 15 13 0;
18 13 0;
20 13 26 13 0;
28 13 0;
30 13 31 13 0;
47 13 0;
4 14 0;
12 14 17 14 0;
26 14 0;
28 14 0;
30 14 0;
32 14 36 14 0;
47 14 0;
4 15 0;
13 15 0;
23 15 0;
27 15 0;
30 15 0;
33 15 0;
37 15 39 15 0;
47 15 0;
4 16 0;
13 16 0;
15 16 0;
22 16 24 16 0;
27 16 0;
30 16 0;
34 16 35 16 0;
40 16 41 16 0;
47 16 0;
4 17 0;
13 17 0;
15 17 16 17 0;
21 17 22 17 0;
24 17 25 17 0;
28 17 0;
31 17 0;
36 17 37 17 0;
42 17 43 17 0;
48 17 0;
3 18 0;
13 18 0;
15 18 21 18 0;
25 18 0;
28 18 0;
31 18 0;
38 18 0;
44 18 45 18 0;
48 18 0;
3 19 0;
13 19 0;
15 19 16 19 0;
20 19 21 19 0;
25 19 26 19 0;
29 19 0;
31 19 0;
39 19 0;
46 19 0;
49 19 0;
3 20 0;
11 20 0;
13 20 0;
15 20 16 20 0;
20 20 22 20 0;
24 20 26 20 0;
29 20 0;
40 20 0;
47 20 0;
49 20 0;
3 21 0;
9 21 10 21 0;
14 21 0;
16 21 17 21 0;
19 21 22 21 0;
24 21 27 21 0;
30 21 0;
41 21 0;
48 21 0;
50 21 0;
2 22 0;
7 22 8 22 0;
14 22 0;
16 22 17 22 0;
19 22 22 22 0;
24 22 27 22 0;
30 22 31 22 0;
41 22 0;
49 22 0;
51 22 0;
2 23 0;
5 23 6 23 0;
14 23 0;
16 23 17 23 0;
19 23 28 23 0;
31 23 0;
41 23 0;
50 23 0;
52 23 0;
2 24 4 24 0;
14 24 0;
16 24 28 24 0;
31 24 0;
42 24 0;
50 24 0;
52 24 0;
1 25 2 25 0;
13 25 14 25 0;
17 25 29 25 0;
32 25 0;
42 25 0;
46 25 49 25 0;
51 25 0;
53 25 0;
0 26 1 26 0;
13 26 0;
15 26 0;
17 26 29 26 0;
32 26 0;
42 26 0;
44 26 45 26 0;
50 26 0;
52 26 53 26 0;
1 27 2 27 0;
12 27 0;
15 27 0;
17 27 30 27 0;
33 27 34 27 0;
42 27 43 27 0;
51 27 0;
3 28 4 28 0;
12 28 0;
15 28 0;
18 28 30 28 0;
33 28 0;
40 28 41 28 0;
52 28 0;
5 29 0;
12 29 0;
16 29 0;
18 29 30 29 0;
34 29 0;
37 29 39 29 0;
48 29 0;
52 29 0;
6 30 0;
12 30 0;
16 30 0;
18 30 31 30 0;
34 30 36 30 0;
47 30 0;
52 30 0;
6 31 0;
11 31 0;
16 31 0;
19 31 33 31 0;
45 31 46 31 0;
52 31 0;
7 32 0;
11 32 0;
17 32 0;
19 32 31 32 0;
43 32 44 32 0;
52 32 0;
7 33 0;
11 33 0;
17 33 0;
19 33 30 33 0;
40 33 41 33 0;
52 33 0;
7 34 0;
11 34 0;
17 34 0;
20 34 29 34 0;
37 34 38 34 0;
49 34 50 34 0;
53 34 0;
8 35 0;
10 35 0;
18 35 0;
20 35 28 35 0;
35 35 36 35 0;
48 35 49 35 0;
51 35 0;
53 35 0;
8 36 0;
10 36 0;
18 36 0;
21 36 27 36 0;
33 36 34 36 0;
46 36 47 36 0;
52 36 0;
8 37 0;
10 37 0;
19 37 0;
21 37 24 37 0;
26 37 27 37 0;
31 37 32 37 0;
46 37 0;
8 38 0;
10 38 0;
19 38 0;
22 38 24 38 0;
26 38 27 38 0;
30 38 0;
42 38 44 38 0;
47 38 0;
52 38 53 38 0;
9 39 13 39 0;
20 39 0;
23 39 24 39 0;
27 39 0;
29 39 0;
40 39 41 39 0;
45 39 0;
48 39 0;
51 39 0;
54 39 0;
10 40 0;
14 40 16 40 0;
20 40 0;
23 40 24 40 0;
27 40 0;
29 40 0;
38 40 39 40 0;
46 40 0;
48 40 0;
51 40 0;
54 40 0;
17 41 0;
21 41 0;
24 41 0;
27 41 28 41 0;
36 41 37 41 0;
46 41 0;
49 41 0;
52 41 53 41 0;
18 42 0;
21 42 0;
24 42 25 42 0;
28 42 0;
34 42 35 42 0;
37 42 0;
47 42 0;
49 42 0;
19 43 0;
22 43 0;
25 43 0;
28 43 29 43 0;
33 43 0;
37 43 39 43 0;
47 43 0;
49 43 0;
18 44 20 44 0;
22 44 0;
25 44 26 44 0;
28 44 29 44 0;
34 44 0;
37 44 0;
40 44 42 44 0;
48 44 0;
16 45 17 45 0;
21 45 0;
23 45 0;
26 45 29 45 0;
34 45 0;
37 45 0;
43 45 0;
15 46 0;
22 46 0;
27 46 30 46 0;
34 46 0;
37 46 38 46 0;
44 46 0;
15 47 0;
19 47 21 47 0;
23 47 24 47 0;
28 47 31 47 0;
33 47 0;
37 47 0;
39 47 40 47 0;
45 47 0;
15 48 0;
19 48 0;
25 48 0;
30 48 32 48 0;
37 48 0;
41 48 0;
45 48 0;
15 49 0;
19 49 0;
26 49 0;
36 49 0;
41 49 0;
44 49 0;
13 50 14 50 0;
19 50 0;
27 50 0;
36 50 0;
39 50 40 50 0;
43 50 0;
45 50 47 50 0;
11 51 12 51 0;
20 51 0;
28 51 29 51 0;
35 51 0;
38 51 0;
48 51 0;
10 52 0;
15 52 18 52 0;
21 52 0;
30 52 34 52 0;
38 52 0;
41 52 44 52 0;
49 52 0;
9 53 0;
12 53 14 53 0;
18 53 20 53 0;
39 53 40 53 0;
45 53 48 53 0;
10 54 12 54 0;
