043 Oddish;
1;
26 13 0;
25 14 0;
27 14 0;
24 15 0;
28 15 0;
16 16 19 16 0;
23 16 0;
29 16 0;
33 16 36 16 0;
15 17 0;
20 17 21 17 0;
23 17 0;
29 17 0;
31 17 32 17 0;
37 17 0;
14 18 16 18 0;
22 18 0;
26 18 0;
30 18 0;
36 18 38 18 0;
14 19 0;
17 19 0;
22 19 0;
26 19 0;
30 19 0;
35 19 0;
38 19 0;
18 20 0;
21 20 0;
25 20 0;
30 20 0;
34 20 0;
15 21 18 21 0;
21 21 0;
25 21 0;
30 21 0;
34 21 37 21 0;
14 22 0;
19 22 0;
21 22 0;
25 22 0;
30 22 0;
33 22 0;
38 22 0;
13 23 0;
20 23 21 23 0;
25 23 0;
29 23 0;
32 23 0;
39 23 0;
12 24 0;
14 24 15 24 0;
21 24 0;
25 24 0;
29 24 0;
31 24 0;
37 24 38 24 0;
40 24 0;
16 25 0;
21 25 0;
25 25 0;
29 25 0;
31 25 0;
36 25 0;
17 26 0;
22 26 0;
29 26 30 26 0;
35 26 0;
18 27 19 27 0;
22 27 0;
29 27 30 27 0;
33 27 34 27 0;
20 28 0;
22 28 23 28 0;
28 28 30 28 0;
32 28 0;
21 29 31 29 0;
21 30 0;
23 30 27 30 0;
29 30 32 30 0;
20 31 33 31 0;
20 32 23 32 0;
28 32 34 32 0;
20 33 23 33 0;
28 33 34 33 0;
20 34 24 34 0;
27 34 34 34 0;
20 35 33 35 0;
21 36 32 36 0;
23 37 31 37 0;
26 38 27 38 0;
30 38 33 38 0;
26 39 27 39 0;
31 39 34 39 0;
25 40 28 40 0;
31 40 35 40 0;
25 41 28 41 0;
32 41 35 41 0;
24 42 28 42 0;
32 42 35 42 0;
23 43 27 43 0;
33 43 34 43 0;
23 44 27 44 0;
24 45 26 45 0;
