044 Gloom;
1;
28 4 0;
21 8 0;
26 8 0;
31 8 0;
13 10 0;
20 10 0;
16 11 0;
24 11 28 11 0;
37 11 43 11 0;
22 12 23 12 0;
29 12 30 12 0;
35 12 36 12 0;
44 12 0;
10 13 0;
19 13 21 13 0;
31 13 32 13 0;
34 13 0;
41 13 45 13 0;
9 14 0;
11 14 0;
17 14 19 14 0;
32 14 34 14 0;
39 14 40 14 0;
45 14 0;
9 15 0;
16 15 0;
20 15 0;
22 15 29 15 0;
31 15 0;
35 15 38 15 0;
45 15 0;
9 16 10 16 0;
16 16 0;
21 16 0;
30 16 0;
36 16 0;
44 16 0;
9 17 0;
11 17 0;
15 17 0;
21 17 30 17 0;
36 17 0;
40 17 0;
9 18 0;
11 18 0;
15 18 0;
21 18 0;
30 18 0;
37 18 0;
9 19 0;
12 19 0;
15 19 0;
20 19 0;
31 19 0;
37 19 0;
10 20 0;
13 20 15 20 0;
19 20 0;
32 20 0;
36 20 40 20 0;
10 21 0;
15 21 16 21 0;
18 21 0;
33 21 0;
35 21 0;
41 21 42 21 0;
11 22 0;
17 22 18 22 0;
33 22 34 22 0;
43 22 0;
11 23 0;
18 23 0;
33 23 0;
44 23 0;
12 24 0;
19 24 0;
32 24 0;
45 24 0;
13 25 0;
20 25 21 25 0;
29 25 31 25 0;
37 25 40 25 0;
46 25 0;
14 26 15 26 0;
21 26 36 26 0;
41 26 42 26 0;
46 26 0;
12 27 13 27 0;
16 27 21 27 0;
23 27 26 27 0;
28 27 33 27 0;
43 27 0;
46 27 0;
11 28 14 28 0;
19 28 21 28 0;
23 28 26 28 0;
28 28 34 28 0;
44 28 0;
46 28 0;
11 29 14 29 0;
18 29 20 29 0;
22 29 27 29 0;
29 29 31 29 0;
33 29 34 29 0;
38 29 41 29 0;
45 29 46 29 0;
11 30 15 30 0;
18 30 0;
21 30 28 30 0;
32 30 42 30 0;
45 30 0;
12 31 42 31 0;
13 32 21 32 0;
28 32 42 32 0;
17 33 20 33 0;
22 33 27 33 0;
29 33 33 33 0;
35 33 41 33 0;
17 34 19 34 0;
21 34 28 34 0;
30 34 34 34 0;
15 35 0;
17 35 19 35 0;
21 35 28 35 0;
30 35 36 35 0;
18 36 20 36 0;
29 36 35 36 0;
38 36 0;
18 37 24 37 0;
26 37 0;
28 37 35 37 0;
13 38 0;
19 38 26 38 0;
28 38 34 38 0;
20 39 26 39 0;
28 39 33 39 0;
21 40 31 40 0;
23 41 29 41 0;
31 41 32 41 0;
24 42 25 42 0;
31 42 33 42 0;
25 43 26 43 0;
32 43 35 43 0;
25 44 27 44 0;
33 44 38 44 0;
25 45 28 45 0;
33 45 39 45 0;
24 46 29 46 0;
34 46 39 46 0;
24 47 29 47 0;
35 47 39 47 0;
24 48 29 48 0;
36 48 38 48 0;
25 49 28 49 0;
