045 Vileplume;
1;
27 3 32 3 0;
24 4 26 4 0;
33 4 34 4 0;
13 5 18 5 0;
23 5 0;
35 5 36 5 0;
10 6 12 6 0;
19 6 20 6 0;
22 6 0;
37 6 0;
8 7 9 7 0;
21 7 0;
27 7 0;
38 7 0;
7 8 0;
22 8 0;
34 8 0;
39 8 0;
6 9 0;
23 9 0;
39 9 0;
6 10 0;
23 10 0;
38 10 42 10 0;
6 11 0;
24 11 0;
29 11 0;
36 11 37 11 0;
43 11 45 11 0;
7 12 0;
18 12 0;
24 12 0;
28 12 0;
35 12 0;
46 12 47 12 0;
8 13 12 13 0;
20 13 0;
23 13 30 13 0;
34 13 0;
48 13 0;
7 14 0;
13 14 15 14 0;
20 14 22 14 0;
31 14 33 14 0;
49 14 0;
6 15 0;
16 15 17 15 0;
19 15 20 15 0;
23 15 30 15 0;
33 15 0;
50 15 0;
6 16 0;
18 16 19 16 0;
23 16 30 16 0;
34 16 36 16 0;
50 16 0;
5 17 0;
10 17 0;
18 17 20 17 0;
33 17 34 17 0;
43 17 0;
50 17 0;
5 18 0;
16 18 0;
18 18 21 18 0;
32 18 34 18 0;
50 18 0;
5 19 0;
20 19 34 19 0;
50 19 0;
5 20 0;
19 20 0;
27 20 0;
34 20 35 20 0;
49 20 0;
6 21 0;
18 21 0;
36 21 0;
47 21 48 21 0;
6 22 0;
17 22 0;
37 22 0;
45 22 46 22 0;
7 23 0;
17 23 0;
38 23 44 23 0;
8 24 9 24 0;
16 24 0;
25 24 0;
38 24 0;
10 25 11 25 0;
15 25 16 25 0;
38 25 0;
12 26 14 26 0;
16 26 0;
32 26 0;
38 26 0;
17 27 0;
37 27 0;
13 28 14 28 0;
18 28 19 28 0;
35 28 36 28 0;
12 29 14 29 0;
20 29 34 29 0;
12 30 15 30 0;
21 30 33 30 0;
12 31 15 31 0;
21 31 22 31 0;
24 31 33 31 0;
13 32 16 32 0;
20 32 23 32 0;
25 32 29 32 0;
31 32 35 32 0;
13 33 17 33 0;
20 33 30 33 0;
32 33 37 33 0;
14 34 38 34 0;
16 35 23 35 0;
25 35 27 35 0;
29 35 34 35 0;
36 35 38 35 0;
19 36 24 36 0;
28 36 34 36 0;
37 36 39 36 0;
19 37 34 37 0;
37 37 39 37 0;
19 38 34 38 0;
36 38 39 38 0;
20 39 38 39 0;
20 40 37 40 0;
22 41 35 41 0;
23 42 25 42 0;
28 42 31 42 0;
22 43 24 43 0;
30 43 32 43 0;
20 44 24 44 0;
31 44 32 44 0;
18 45 23 45 0;
31 45 33 45 0;
17 46 22 46 0;
32 46 35 46 0;
16 47 21 47 0;
32 47 37 47 0;
17 48 20 48 0;
33 48 38 48 0;
34 49 38 49 0;
35 50 37 50 0;
