046 Paras;
1;
21 16 22 16 0;
30 16 32 16 0;
20 17 0;
23 17 0;
27 17 29 17 0;
33 17 0;
38 17 42 17 0;
19 18 0;
22 18 0;
24 18 0;
26 18 28 18 0;
31 18 0;
34 18 0;
37 18 0;
40 18 0;
43 18 0;
19 19 0;
21 19 22 19 0;
24 19 28 19 0;
30 19 31 19 0;
34 19 0;
36 19 0;
41 19 0;
44 19 0;
19 20 0;
23 20 0;
29 20 0;
33 20 0;
36 20 0;
41 20 0;
44 20 0;
20 21 0;
22 21 0;
30 21 32 21 0;
34 21 0;
37 21 0;
40 21 0;
45 21 0;
13 22 16 22 0;
21 22 0;
35 22 0;
38 22 39 22 0;
45 22 0;
12 23 0;
17 23 18 23 0;
20 23 0;
23 23 25 23 0;
31 23 39 23 0;
44 23 45 23 0;
11 24 0;
19 24 0;
21 24 0;
27 24 28 24 0;
30 24 0;
35 24 40 24 0;
43 24 0;
45 24 0;
11 25 0;
19 25 20 25 0;
28 25 29 25 0;
36 25 39 25 0;
41 25 0;
43 25 0;
45 25 0;
10 26 0;
18 26 20 26 0;
28 26 0;
37 26 0;
39 26 0;
42 26 44 26 0;
10 27 0;
17 27 0;
19 27 21 27 0;
26 27 28 27 0;
37 27 0;
39 27 0;
10 28 0;
16 28 17 28 0;
20 28 27 28 0;
37 28 0;
40 28 0;
10 29 0;
15 29 0;
18 29 0;
20 29 27 29 0;
37 29 0;
40 29 0;
10 30 0;
12 30 0;
14 30 0;
19 30 20 30 0;
24 30 27 30 0;
37 30 39 30 0;
10 31 0;
13 31 0;
22 31 27 31 0;
36 31 40 31 0;
11 32 0;
13 32 0;
20 32 21 32 0;
24 32 28 32 0;
35 32 37 32 0;
40 32 0;
11 33 0;
13 33 0;
19 33 0;
23 33 0;
26 33 27 33 0;
30 33 0;
33 33 34 33 0;
36 33 0;
41 33 0;
12 34 0;
19 34 0;
22 34 0;
25 34 26 34 0;
31 34 33 34 0;
36 34 37 34 0;
41 34 0;
12 35 0;
18 35 0;
21 35 0;
25 35 0;
30 35 33 35 0;
36 35 37 35 0;
41 35 0;
18 36 0;
21 36 0;
24 36 0;
27 36 29 36 0;
33 36 0;
35 36 0;
38 36 0;
41 36 0;
18 37 0;
20 37 0;
23 37 26 37 0;
32 37 0;
35 37 0;
38 37 0;
41 37 0;
18 38 0;
20 38 0;
24 38 26 38 0;
32 38 34 38 0;
38 38 0;
41 38 0;
19 39 0;
25 39 27 39 0;
32 39 33 39 0;
38 39 0;
40 39 0;
19 40 0;
27 40 0;
31 40 32 40 0;
38 40 39 40 0;
38 41 0;
