047 Parasect;
1;
23 0 31 0 0;
21 1 28 1 0;
32 1 33 1 0;
19 2 20 2 0;
22 2 29 2 0;
34 2 35 2 0;
18 3 0;
22 3 29 3 0;
35 3 36 3 0;
17 4 0;
23 4 28 4 0;
36 4 37 4 0;
16 5 0;
36 5 38 5 0;
15 6 0;
35 6 39 6 0;
14 7 0;
17 7 0;
20 7 22 7 0;
35 7 40 7 0;
13 8 0;
16 8 0;
19 8 23 8 0;
36 8 39 8 0;
41 8 0;
12 9 0;
15 9 0;
18 9 23 9 0;
29 9 31 9 0;
37 9 38 9 0;
42 9 0;
11 10 0;
14 10 0;
16 10 23 10 0;
28 10 30 10 0;
43 10 0;
10 11 0;
13 11 0;
15 11 0;
17 11 22 11 0;
27 11 29 11 0;
32 11 33 11 0;
41 11 0;
44 11 0;
8 12 10 12 0;
14 12 0;
17 12 22 12 0;
27 12 34 12 0;
42 12 0;
45 12 0;
6 13 10 13 0;
13 13 0;
16 13 20 13 0;
23 13 0;
27 13 34 13 0;
38 13 0;
41 13 0;
43 13 0;
46 13 47 13 0;
4 14 9 14 0;
15 14 0;
17 14 0;
20 14 0;
23 14 0;
27 14 34 14 0;
36 14 0;
39 14 0;
42 14 0;
48 14 49 14 0;
3 15 0;
6 15 8 15 0;
19 15 0;
22 15 0;
28 15 34 15 0;
36 15 0;
40 15 0;
50 15 51 15 0;
2 16 0;
18 16 0;
22 16 0;
28 16 34 16 0;
37 16 0;
52 16 0;
1 17 0;
10 17 13 17 0;
29 17 32 17 0;
35 17 0;
37 17 0;
41 17 43 17 0;
53 17 0;
0 18 1 18 0;
9 18 14 18 0;
35 18 0;
40 18 45 18 0;
54 18 0;
0 19 2 19 0;
8 19 14 19 0;
40 19 46 19 0;
52 19 54 19 0;
0 20 2 20 0;
4 20 14 20 0;
22 20 24 20 0;
40 20 47 20 0;
0 21 3 21 0;
8 21 13 21 0;
20 21 25 21 0;
35 21 36 21 0;
41 21 47 21 0;
0 22 2 22 0;
9 22 12 22 0;
19 22 25 22 0;
33 22 37 22 0;
42 22 47 22 0;
0 23 2 23 0;
9 23 12 23 0;
18 23 25 23 0;
33 23 38 23 0;
44 23 46 23 0;
52 23 53 23 0;
0 24 2 24 0;
10 24 0;
18 24 25 24 0;
32 24 38 24 0;
1 25 2 25 0;
10 25 0;
18 25 24 25 0;
32 25 38 25 0;
1 26 0;
10 26 0;
18 26 23 26 0;
32 26 38 26 0;
47 26 48 26 0;
1 27 0;
10 27 0;
19 27 21 27 0;
30 27 38 27 0;
46 27 47 27 0;
49 27 0;
54 27 0;
1 28 0;
10 28 0;
28 28 29 28 0;
32 28 37 28 0;
48 28 49 28 0;
54 28 0;
1 29 0;
9 29 0;
27 29 0;
33 29 36 29 0;
44 29 0;
47 29 49 29 0;
53 29 0;
1 30 0;
9 30 0;
19 30 23 30 0;
26 30 0;
33 30 35 30 0;
44 30 48 30 0;
52 30 0;
1 31 0;
9 31 12 31 0;
18 31 23 31 0;
25 31 0;
34 31 0;
45 31 47 31 0;
51 31 0;
1 32 0;
9 32 11 32 0;
13 32 15 32 0;
18 32 22 32 0;
24 32 0;
34 32 0;
38 32 40 32 0;
49 32 50 32 0;
1 33 0;
8 33 0;
10 33 11 33 0;
16 33 24 33 0;
34 33 0;
37 33 41 33 0;
47 33 48 33 0;
1 34 0;
8 34 0;
10 34 11 34 0;
16 34 0;
22 34 23 34 0;
34 34 0;
37 34 41 34 0;
45 34 46 34 0;
1 35 0;
7 35 0;
9 35 0;
11 35 12 35 0;
15 35 16 35 0;
22 35 23 35 0;
34 35 0;
36 35 45 35 0;
1 36 0;
7 36 0;
10 36 0;
12 36 17 36 0;
21 36 23 36 0;
34 36 46 36 0;
1 37 0;
7 37 0;
11 37 0;
16 37 22 37 0;
34 37 42 37 0;
47 37 48 37 0;
1 38 0;
7 38 0;
12 38 15 38 0;
22 38 0;
34 38 35 38 0;
40 38 43 38 0;
49 38 0;
1 39 0;
7 39 0;
16 39 21 39 0;
33 39 0;
41 39 0;
44 39 46 39 0;
49 39 51 39 0;
2 40 0;
6 40 0;
21 40 0;
33 40 0;
37 40 38 40 0;
40 40 0;
42 40 0;
47 40 48 40 0;
52 40 0;
2 41 0;
6 41 0;
21 41 0;
32 41 0;
34 41 36 41 0;
39 41 0;
43 41 0;
47 41 0;
52 41 0;
2 42 0;
6 42 0;
21 42 0;
32 42 0;
40 42 0;
44 42 0;
48 42 0;
52 42 0;
2 43 0;
6 43 0;
20 43 0;
31 43 0;
40 43 0;
44 43 0;
49 43 0;
52 43 0;
3 44 0;
6 44 0;
20 44 0;
30 44 0;
40 44 0;
44 44 0;
49 44 0;
52 44 0;
3 45 0;
6 45 0;
20 45 0;
29 45 0;
40 45 0;
44 45 0;
49 45 0;
52 45 0;
3 46 0;
6 46 0;
19 46 0;
28 46 0;
39 46 0;
43 46 0;
49 46 0;
52 46 0;
4 47 0;
6 47 0;
18 47 0;
27 47 0;
38 47 0;
42 47 0;
48 47 0;
51 47 0;
4 48 0;
6 48 0;
17 48 0;
25 48 26 48 0;
37 48 0;
41 48 0;
48 48 0;
51 48 0;
5 49 6 49 0;
16 49 0;
23 49 24 49 0;
36 49 0;
40 49 0;
48 49 0;
51 49 0;
6 50 0;
15 50 0;
21 50 22 50 0;
28 50 29 50 0;
35 50 0;
39 50 0;
48 50 0;
51 50 0;
7 51 0;
13 51 14 51 0;
18 51 20 51 0;
27 51 0;
30 51 34 51 0;
38 51 0;
47 51 0;
50 51 0;
12 52 0;
15 52 17 52 0;
28 52 29 52 0;
37 52 0;
47 52 0;
50 52 0;
13 53 14 53 0;
30 53 36 53 0;
45 53 47 53 0;
50 53 0;
43 54 44 54 0;
49 54 0;
45 55 48 55 0;
