048 Venonat;
1;
16 8 18 8 0;
15 9 0;
19 9 20 9 0;
14 10 0;
21 10 0;
25 10 26 10 0;
14 11 0;
17 11 19 11 0;
22 11 0;
24 11 0;
29 11 30 11 0;
37 11 40 11 0;
15 12 16 12 0;
20 12 0;
22 12 0;
24 12 0;
28 12 29 12 0;
34 12 36 12 0;
41 12 0;
21 13 0;
23 13 25 13 0;
27 13 28 13 0;
32 13 33 13 0;
42 13 0;
16 14 0;
21 14 0;
23 14 31 14 0;
34 14 39 14 0;
42 14 0;
17 15 22 15 0;
24 15 30 15 0;
33 15 0;
40 15 41 15 0;
10 16 0;
19 16 22 16 0;
24 16 29 16 0;
31 16 34 16 0;
11 17 13 17 0;
17 17 23 17 0;
25 17 28 17 0;
30 17 37 17 0;
12 18 17 18 0;
22 18 23 18 0;
25 18 27 18 0;
29 18 30 18 0;
35 18 40 18 0;
13 19 16 19 0;
19 19 0;
21 19 0;
23 19 24 19 0;
26 19 0;
28 19 29 19 0;
31 19 0;
33 19 0;
36 19 41 19 0;
14 20 15 20 0;
18 20 0;
20 20 0;
22 20 0;
24 20 0;
26 20 0;
28 20 0;
30 20 0;
32 20 0;
34 20 0;
37 20 43 20 0;
14 21 15 21 0;
17 21 0;
19 21 0;
21 21 0;
24 21 28 21 0;
31 21 0;
33 21 0;
35 21 0;
37 21 44 21 0;
13 22 14 22 0;
16 22 0;
18 22 0;
20 22 0;
22 22 0;
24 22 28 22 0;
30 22 0;
32 22 0;
34 22 0;
36 22 0;
38 22 41 22 0;
43 22 46 22 0;
13 23 14 23 0;
17 23 0;
19 23 0;
21 23 0;
23 23 29 23 0;
31 23 0;
33 23 0;
35 23 0;
38 23 41 23 0;
12 24 14 24 0;
16 24 0;
18 24 0;
20 24 0;
22 24 30 24 0;
32 24 0;
34 24 0;
36 24 0;
38 24 42 24 0;
12 25 15 25 0;
17 25 0;
19 25 0;
21 25 22 25 0;
29 25 31 25 0;
33 25 0;
35 25 0;
37 25 42 25 0;
12 26 16 26 0;
20 26 21 26 0;
30 26 32 26 0;
36 26 42 26 0;
11 27 20 27 0;
31 27 42 27 0;
10 28 14 28 0;
19 28 20 28 0;
24 28 26 28 0;
31 28 43 28 0;
8 29 13 29 0;
15 29 0;
20 29 21 29 0;
24 29 26 29 0;
30 29 43 29 0;
12 30 14 30 0;
20 30 22 30 0;
25 30 0;
29 30 44 30 0;
46 30 0;
12 31 15 31 0;
20 31 28 31 0;
31 31 45 31 0;
13 32 0;
19 32 26 32 0;
32 32 44 32 0;
13 33 25 33 0;
33 33 41 33 0;
13 34 14 34 0;
16 34 0;
19 34 25 34 0;
28 34 0;
33 34 40 34 0;
12 35 0;
14 35 0;
19 35 25 35 0;
27 35 0;
30 35 0;
33 35 40 35 0;
12 36 0;
19 36 26 36 0;
29 36 0;
32 36 39 36 0;
12 37 0;
19 37 39 37 0;
13 38 0;
19 38 40 38 0;
14 39 0;
20 39 41 39 0;
15 40 0;
20 40 36 40 0;
39 40 41 40 0;
16 41 0;
20 41 36 41 0;
41 41 0;
17 42 19 42 0;
24 42 33 42 0;
26 43 28 43 0;
34 43 35 43 0;
26 44 0;
35 44 0;
27 45 0;
33 45 0;
35 45 0;
28 46 0;
30 46 0;
33 46 34 46 0;
29 47 32 47 0;
