049 Venomoth;
1;
24 0 26 0 0;
43 0 47 0 0;
23 1 0;
27 1 0;
40 1 42 1 0;
48 1 49 1 0;
22 2 0;
28 2 0;
38 2 39 2 0;
50 2 0;
21 3 22 3 0;
28 3 0;
36 3 37 3 0;
51 3 0;
20 4 21 4 0;
28 4 0;
34 4 35 4 0;
52 4 0;
19 5 0;
21 5 0;
28 5 0;
32 5 33 5 0;
52 5 0;
19 6 0;
21 6 0;
28 6 0;
31 6 0;
52 6 0;
18 7 19 7 0;
21 7 0;
28 7 0;
30 7 0;
52 7 0;
17 8 18 8 0;
21 8 0;
28 8 29 8 0;
52 8 0;
17 9 18 9 0;
20 9 0;
28 9 0;
52 9 0;
16 10 0;
18 10 0;
20 10 0;
27 10 0;
51 10 0;
16 11 17 11 0;
20 11 0;
26 11 0;
51 11 0;
15 12 0;
17 12 0;
20 12 0;
26 12 27 12 0;
50 12 0;
15 13 0;
17 13 0;
20 13 0;
25 13 0;
27 13 0;
50 13 0;
10 14 11 14 0;
14 14 0;
17 14 0;
19 14 0;
24 14 0;
27 14 0;
49 14 0;
10 15 0;
12 15 0;
14 15 0;
16 15 0;
19 15 0;
23 15 0;
26 15 0;
49 15 0;
11 16 0;
13 16 14 16 0;
16 16 0;
19 16 0;
22 16 0;
25 16 0;
48 16 0;
11 17 0;
14 17 0;
16 17 0;
19 17 21 17 0;
24 17 0;
47 17 0;
12 18 0;
15 18 0;
18 18 19 18 0;
23 18 0;
47 18 0;
12 19 0;
15 19 0;
18 19 0;
22 19 0;
46 19 0;
13 20 0;
17 20 0;
21 20 0;
46 20 0;
9 21 11 21 0;
13 21 0;
19 21 21 21 0;
46 21 0;
8 22 0;
12 22 0;
18 22 0;
22 22 0;
46 22 0;
7 23 0;
11 23 0;
17 23 0;
23 23 0;
45 23 0;
7 24 0;
9 24 10 24 0;
16 24 0;
24 24 0;
45 24 0;
7 25 0;
10 25 0;
16 25 0;
19 25 21 25 0;
24 25 0;
45 25 0;
7 26 10 26 0;
16 26 0;
20 26 0;
24 26 0;
44 26 0;
8 27 0;
11 27 0;
13 27 0;
16 27 0;
24 27 0;
44 27 0;
4 28 5 28 0;
9 28 0;
12 28 0;
14 28 0;
17 28 18 28 0;
23 28 24 28 0;
43 28 0;
3 29 0;
6 29 7 29 0;
10 29 0;
13 29 14 29 0;
16 29 0;
19 29 23 29 0;
43 29 0;
4 30 5 30 0;
8 30 0;
11 30 0;
16 30 17 30 0;
21 30 23 30 0;
25 30 0;
42 30 0;
6 31 7 31 0;
9 31 11 31 0;
13 31 14 31 0;
16 31 20 31 0;
23 31 24 31 0;
26 31 0;
42 31 0;
8 32 11 32 0;
17 32 0;
21 32 22 32 0;
24 32 0;
26 32 27 32 0;
32 32 38 32 0;
41 32 0;
4 33 9 33 0;
11 33 0;
17 33 24 33 0;
26 33 31 33 0;
39 33 40 33 0;
3 34 0;
10 34 11 34 0;
17 34 0;
24 34 25 34 0;
27 34 0;
41 34 0;
4 35 9 35 0;
11 35 0;
18 35 23 35 0;
25 35 0;
27 35 0;
42 35 0;
10 36 11 36 0;
21 36 0;
24 36 0;
27 36 0;
43 36 0;
11 37 12 37 0;
19 37 20 37 0;
23 37 24 37 0;
26 37 0;
43 37 0;
10 38 12 38 0;
18 38 0;
21 38 22 38 0;
26 38 0;
44 38 0;
7 39 9 39 0;
13 39 0;
18 39 20 39 0;
25 39 26 39 0;
44 39 0;
6 40 0;
10 40 13 40 0;
25 40 26 40 0;
44 40 0;
7 41 9 41 0;
14 41 0;
24 41 27 41 0;
44 41 0;
15 42 0;
22 42 25 42 0;
27 42 0;
43 42 0;
15 43 24 43 0;
28 43 0;
43 43 0;
14 44 0;
17 44 0;
21 44 0;
23 44 24 44 0;
29 44 0;
43 44 0;
13 45 0;
16 45 0;
21 45 0;
24 45 0;
30 45 0;
43 45 0;
12 46 0;
15 46 0;
22 46 0;
25 46 0;
31 46 0;
42 46 0;
12 47 0;
15 47 0;
22 47 0;
25 47 0;
32 47 33 47 0;
43 47 44 47 0;
12 48 0;
14 48 0;
22 48 0;
25 48 0;
34 48 41 48 0;
45 48 46 48 0;
12 49 0;
14 49 0;
22 49 0;
24 49 0;
42 49 0;
47 49 48 49 0;
13 50 0;
15 50 0;
21 50 0;
24 50 0;
43 50 0;
49 50 0;
13 51 0;
15 51 0;
20 51 0;
23 51 0;
44 51 0;
50 51 0;
14 52 15 52 0;
19 52 0;
22 52 0;
45 52 0;
51 52 0;
15 53 16 53 0;
18 53 0;
20 53 21 53 0;
46 53 0;
51 53 0;
17 54 19 54 0;
47 54 50 54 0;
