005 Charmeleon;
4;
14 3 0;
13 4 0;
13 5 0;
13 6 0;
13 7 14 7 0;
29 7 30 7 0;
14 8 0;
27 8 28 8 0;
30 8 0;
14 9 15 9 0;
26 9 0;
30 9 0;
13 10 15 10 0;
23 10 25 10 0;
30 10 0;
13 11 14 11 0;
21 11 22 11 0;
29 11 0;
10 12 0;
20 12 0;
30 12 0;
9 13 0;
19 13 0;
31 13 0;
8 14 9 14 0;
19 14 0;
31 14 0;
8 15 9 15 0;
12 15 0;
19 15 0;
28 15 0;
32 15 0;
11 16 0;
14 16 0;
18 16 0;
27 16 0;
29 16 0;
32 16 0;
10 17 0;
12 17 0;
18 17 19 17 0;
26 17 0;
29 17 0;
32 17 0;
5 18 0;
9 18 0;
12 18 0;
18 18 0;
25 18 27 18 0;
29 18 0;
32 18 0;
8 19 0;
12 19 0;
18 19 0;
24 19 28 19 0;
31 19 32 19 0;
7 20 0;
13 20 0;
17 20 0;
31 20 39 20 0;
6 21 0;
13 21 0;
16 21 0;
40 21 42 21 0;
6 22 0;
13 22 0;
16 22 0;
26 22 0;
29 22 0;
43 22 44 22 0;
5 23 0;
9 23 0;
14 23 0;
16 23 0;
26 23 0;
28 23 0;
45 23 46 23 0;
5 24 0;
9 24 0;
14 24 0;
16 24 0;
26 24 27 24 0;
47 24 48 24 0;
4 25 0;
9 25 10 25 0;
14 25 0;
17 25 0;
25 25 26 25 0;
35 25 36 25 0;
49 25 0;
4 26 0;
9 26 10 26 0;
14 26 0;
18 26 19 26 0;
23 26 25 26 0;
34 26 0;
37 26 0;
48 26 50 26 0;
4 27 0;
8 27 10 27 0;
14 27 0;
20 27 26 27 0;
32 27 33 27 0;
37 27 0;
39 27 40 27 0;
47 27 0;
49 27 0;
51 27 0;
4 28 0;
8 28 10 28 0;
14 28 0;
20 28 22 28 0;
26 28 27 28 0;
31 28 0;
34 28 0;
36 28 0;
38 28 0;
41 28 42 28 0;
45 28 46 28 0;
49 28 0;
51 28 0;
4 29 0;
8 29 11 29 0;
14 29 0;
20 29 21 29 0;
28 29 30 29 0;
35 29 0;
38 29 0;
43 29 44 29 0;
46 29 0;
49 29 50 29 0;
5 30 0;
8 30 11 30 0;
13 30 0;
20 30 21 30 0;
35 30 0;
37 30 38 30 0;
44 30 0;
47 30 0;
49 30 0;
5 31 0;
8 31 11 31 0;
21 31 0;
36 31 0;
39 31 0;
45 31 0;
47 31 48 31 0;
6 32 0;
8 32 9 32 0;
12 32 0;
21 32 22 32 0;
35 32 0;
38 32 0;
46 32 0;
8 33 0;
13 33 0;
22 33 23 33 0;
35 33 37 33 0;
40 33 0;
8 34 0;
14 34 15 34 0;
22 34 0;
24 34 25 34 0;
33 34 34 34 0;
41 34 0;
9 35 0;
16 35 17 35 0;
21 35 0;
26 35 32 35 0;
42 35 0;
9 36 0;
18 36 20 36 0;
42 36 0;
10 37 0;
43 37 0;
10 38 0;
19 38 0;
33 38 0;
43 38 0;
11 39 0;
18 39 0;
27 39 0;
32 39 0;
44 39 0;
12 40 0;
18 40 0;
27 40 0;
32 40 0;
44 40 0;
13 41 0;
18 41 0;
28 41 0;
32 41 0;
45 41 0;
14 42 0;
18 42 0;
29 42 0;
32 42 33 42 0;
45 42 0;
15 43 16 43 0;
19 43 0;
30 43 33 43 0;
46 43 0;
17 44 18 44 0;
20 44 0;
29 44 34 44 0;
46 44 0;
19 45 21 45 0;
27 45 31 45 0;
35 45 36 45 0;
46 45 0;
21 46 22 46 0;
29 46 30 46 0;
37 46 39 46 0;
47 46 0;
20 47 21 47 0;
29 47 30 47 0;
38 47 40 47 0;
47 47 48 47 0;
19 48 0;
21 48 24 48 0;
26 48 29 48 0;
37 48 38 48 0;
45 48 48 48 0;
20 49 21 49 0;
25 49 0;
28 49 0;
36 49 0;
39 49 44 49 0;
47 49 0;
22 50 24 50 0;
26 50 28 50 0;
37 50 39 50 0;
43 50 0;
46 50 0;
40 51 42 51 0;
44 51 45 51 0;
