050 Diglett;
6;
25 17 29 17 0;
23 18 24 18 0;
30 18 31 18 0;
22 19 0;
32 19 0;
21 20 0;
33 20 0;
21 21 0;
34 21 0;
20 22 0;
23 22 0;
29 22 0;
34 22 0;
20 23 0;
23 23 0;
29 23 0;
35 23 0;
20 24 0;
22 24 23 24 0;
28 24 29 24 0;
35 24 0;
19 25 0;
22 25 23 25 0;
28 25 29 25 0;
35 25 0;
19 26 0;
36 26 0;
19 27 0;
23 27 27 27 0;
36 27 0;
19 28 0;
22 28 0;
28 28 0;
36 28 0;
19 29 0;
22 29 0;
28 29 0;
36 29 0;
19 30 0;
23 30 27 30 0;
36 30 0;
19 31 0;
36 31 0;
19 32 0;
36 32 0;
19 33 0;
36 33 0;
19 34 0;
36 34 0;
19 35 0;
36 35 0;
19 36 0;
36 36 38 36 0;
19 37 0;
36 37 0;
39 37 40 37 0;
16 38 19 38 0;
36 38 0;
15 39 0;
19 39 0;
21 39 25 39 0;
33 39 35 39 0;
37 39 0;
41 39 0;
20 40 0;
26 40 0;
30 40 31 40 0;
38 40 0;
