051 Dugtrio;
6;
16 11 20 11 0;
34 11 40 11 0;
14 12 15 12 0;
21 12 22 12 0;
32 12 33 12 0;
41 12 42 12 0;
13 13 0;
23 13 24 13 0;
31 13 0;
43 13 0;
12 14 0;
25 14 0;
30 14 0;
44 14 0;
11 15 0;
25 15 0;
30 15 0;
44 15 0;
11 16 0;
26 16 0;
29 16 0;
45 16 0;
10 17 0;
12 17 0;
26 17 0;
29 17 0;
43 17 0;
45 17 0;
10 18 0;
12 18 0;
27 18 28 18 0;
42 18 0;
45 18 0;
9 19 0;
12 19 0;
21 19 22 19 0;
27 19 28 19 0;
33 19 34 19 0;
42 19 43 19 0;
46 19 0;
9 20 0;
11 20 0;
20 20 0;
27 20 28 20 0;
35 20 0;
43 20 0;
46 20 0;
9 21 0;
11 21 12 21 0;
19 21 0;
26 21 29 21 0;
35 21 36 21 0;
42 21 43 21 0;
46 21 0;
9 22 0;
18 22 0;
23 22 24 22 0;
31 22 32 22 0;
36 22 0;
42 22 0;
46 22 0;
8 23 0;
11 23 14 23 0;
18 23 19 23 0;
22 23 0;
33 23 0;
35 23 36 23 0;
46 23 0;
8 24 0;
10 24 0;
15 24 0;
18 24 19 24 0;
21 24 0;
34 24 36 24 0;
39 24 42 24 0;
47 24 0;
8 25 0;
10 25 0;
16 25 0;
20 25 0;
35 25 0;
37 25 38 25 0;
43 25 0;
47 25 0;
8 26 0;
11 26 0;
16 26 0;
19 26 0;
36 26 37 26 0;
43 26 0;
47 26 0;
8 27 0;
12 27 13 27 0;
16 27 0;
18 27 19 27 0;
36 27 37 27 0;
41 27 42 27 0;
47 27 0;
8 28 0;
14 28 15 28 0;
18 28 0;
37 28 40 28 0;
47 28 0;
6 29 8 29 0;
18 29 0;
21 29 0;
37 29 0;
47 29 0;
5 30 0;
8 30 0;
18 30 0;
22 30 0;
33 30 0;
37 30 0;
47 30 0;
4 31 0;
18 31 0;
23 31 0;
31 31 32 31 0;
37 31 0;
47 31 49 31 0;
9 32 13 32 0;
18 32 0;
22 32 23 32 0;
30 32 31 32 0;
37 32 0;
47 32 0;
50 32 0;
8 33 0;
14 33 0;
17 33 0;
22 33 0;
29 33 30 33 0;
38 33 0;
47 33 0;
51 33 0;
17 34 0;
22 34 23 34 0;
30 34 0;
38 34 0;
45 34 46 34 0;
17 35 0;
22 35 23 35 0;
29 35 30 35 0;
38 35 0;
41 35 43 35 0;
9 36 0;
17 36 0;
23 36 0;
29 36 30 36 0;
38 36 0;
40 36 0;
44 36 0;
17 37 0;
29 37 0;
38 37 39 37 0;
48 37 50 37 0;
17 38 0;
23 38 26 38 0;
38 38 0;
47 38 0;
51 38 0;
17 39 0;
22 39 0;
27 39 28 39 0;
38 39 0;
17 40 0;
22 40 0;
29 40 0;
38 40 0;
44 40 0;
17 41 0;
23 41 24 41 0;
29 41 0;
38 41 40 41 0;
15 42 19 42 0;
25 42 28 42 0;
38 42 0;
41 42 0;
20 43 0;
37 43 0;
22 44 24 44 0;
32 44 36 44 0;
21 45 0;
25 45 0;
31 45 0;
17 47 0;
