052 Meowth;
7;
34 11 0;
25 12 0;
33 12 0;
35 12 0;
39 12 40 12 0;
24 13 0;
26 13 0;
33 13 0;
35 13 0;
37 13 41 13 0;
16 14 19 14 0;
24 14 0;
26 14 0;
29 14 31 14 0;
33 14 0;
35 14 41 14 0;
15 15 22 15 0;
24 15 0;
26 15 0;
28 15 0;
32 15 0;
35 15 36 15 0;
40 15 41 15 0;
15 16 24 16 0;
27 16 0;
33 16 0;
35 16 0;
40 16 41 16 0;
15 17 17 17 0;
22 17 25 17 0;
27 17 0;
33 17 0;
35 17 0;
40 17 0;
16 18 17 18 0;
22 18 0;
26 18 27 18 0;
33 18 0;
35 18 0;
40 18 0;
16 19 17 19 0;
20 19 0;
28 19 0;
33 19 0;
36 19 0;
39 19 40 19 0;
16 20 18 20 0;
29 20 0;
33 20 0;
38 20 39 20 0;
44 20 45 20 0;
17 21 19 21 0;
27 21 0;
29 21 0;
32 21 0;
39 21 0;
42 21 43 21 0;
46 21 0;
11 22 15 22 0;
17 22 18 22 0;
24 22 0;
27 22 0;
29 22 31 22 0;
35 22 36 22 0;
39 22 41 22 0;
44 22 45 22 0;
10 23 0;
16 23 18 23 0;
24 23 0;
27 23 28 23 0;
34 23 0;
37 23 0;
42 23 43 23 0;
11 24 15 24 0;
18 24 0;
21 24 0;
24 24 0;
26 24 0;
33 24 0;
35 24 0;
38 24 0;
40 24 43 24 0;
16 25 17 25 0;
22 25 28 25 0;
33 25 0;
35 25 0;
41 25 0;
44 25 0;
17 26 0;
23 26 0;
29 26 0;
33 26 0;
35 26 0;
41 26 0;
45 26 0;
17 27 0;
22 27 0;
41 27 42 27 0;
45 27 0;
17 28 0;
22 28 0;
37 28 0;
40 28 0;
43 28 44 28 0;
46 28 0;
15 29 17 29 0;
25 29 0;
32 29 36 29 0;
40 29 42 29 0;
45 29 47 29 0;
13 30 14 30 0;
17 30 18 30 0;
22 30 0;
25 30 31 30 0;
34 30 0;
36 30 0;
39 30 0;
41 30 0;
43 30 44 30 0;
47 30 0;
11 31 12 31 0;
15 31 16 31 0;
18 31 0;
22 31 0;
26 31 0;
28 31 0;
35 31 0;
37 31 38 31 0;
42 31 0;
45 31 46 31 0;
10 32 0;
13 32 14 32 0;
18 32 0;
23 32 0;
27 32 0;
33 32 36 32 0;
42 32 0;
46 32 0;
11 33 12 33 0;
19 33 0;
24 33 25 33 0;
30 33 32 33 0;
34 33 0;
42 33 0;
46 33 0;
19 34 0;
26 34 29 34 0;
35 34 0;
42 34 0;
46 34 0;
20 35 0;
30 35 0;
35 35 0;
41 35 0;
45 35 0;
20 36 0;
30 36 0;
35 36 0;
40 36 0;
45 36 0;
20 37 0;
29 37 0;
35 37 0;
39 37 0;
44 37 0;
20 38 0;
29 38 0;
34 38 38 38 0;
43 38 0;
19 39 21 39 0;
28 39 0;
33 39 0;
35 39 0;
41 39 42 39 0;
16 40 18 40 0;
21 40 0;
28 40 0;
33 40 0;
36 40 38 40 0;
40 40 0;
13 41 15 41 0;
27 41 0;
33 41 0;
39 41 43 41 0;
11 42 12 42 0;
23 42 0;
27 42 0;
34 42 0;
44 42 0;
10 43 0;
14 43 15 43 0;
22 43 24 43 0;
27 43 0;
34 43 0;
43 43 0;
45 43 0;
10 44 0;
13 44 0;
19 44 21 44 0;
25 44 28 44 0;
30 44 0;
33 44 0;
35 44 37 44 0;
43 44 0;
45 44 0;
11 45 18 45 0;
29 45 32 45 0;
38 45 44 45 0;
