053 Persian;
7;
42 1 45 1 0;
1 2 2 2 0;
40 2 47 2 0;
1 3 4 3 0;
26 3 27 3 0;
39 3 48 3 0;
2 4 0;
5 4 8 4 0;
23 4 27 4 0;
39 4 49 4 0;
3 5 0;
5 5 10 5 0;
20 5 26 5 0;
38 5 49 5 0;
3 6 0;
6 6 24 6 0;
27 6 0;
38 6 50 6 0;
4 7 0;
7 7 8 7 0;
19 7 23 7 0;
26 7 0;
38 7 50 7 0;
4 8 0;
7 8 0;
21 8 22 8 0;
26 8 0;
38 8 42 8 0;
45 8 51 8 0;
6 9 0;
21 9 0;
25 9 0;
38 9 44 9 0;
46 9 51 9 0;
5 10 0;
11 10 12 10 0;
22 10 0;
25 10 0;
38 10 44 10 0;
46 10 51 10 0;
5 11 0;
10 11 0;
13 11 0;
24 11 0;
39 11 45 11 0;
47 11 52 11 0;
5 12 6 12 0;
10 12 0;
13 12 0;
19 12 0;
23 12 24 12 0;
39 12 45 12 0;
47 12 52 12 0;
5 13 0;
7 13 8 13 0;
11 13 12 13 0;
16 13 19 13 0;
23 13 26 13 0;
40 13 52 13 0;
1 14 3 14 0;
5 14 0;
7 14 8 14 0;
15 14 16 14 0;
19 14 0;
23 14 24 14 0;
27 14 28 14 0;
42 14 44 14 0;
47 14 52 14 0;
1 15 0;
4 15 5 15 0;
8 15 0;
15 15 16 15 0;
19 15 0;
22 15 0;
25 15 26 15 0;
29 15 0;
47 15 52 15 0;
2 16 3 16 0;
6 16 0;
8 16 0;
14 16 0;
16 16 0;
18 16 0;
22 16 23 16 0;
27 16 0;
30 16 0;
47 16 0;
51 16 52 16 0;
4 17 7 17 0;
14 17 0;
17 17 0;
24 17 26 17 0;
31 17 0;
48 17 0;
53 17 0;
6 18 0;
21 18 24 18 0;
31 18 0;
48 18 0;
53 18 0;
2 19 6 19 0;
10 19 12 19 0;
25 19 27 19 0;
32 19 0;
48 19 0;
53 19 0;
1 20 0;
6 20 0;
11 20 0;
19 20 23 20 0;
32 20 0;
48 20 0;
53 20 0;
2 21 7 21 0;
11 21 0;
16 21 0;
20 21 0;
24 21 27 21 0;
33 21 0;
48 21 0;
53 21 0;
5 22 6 22 0;
8 22 10 22 0;
12 22 15 22 0;
17 22 18 22 0;
21 22 22 22 0;
33 22 0;
48 22 0;
53 22 0;
3 23 4 23 0;
7 23 0;
10 23 0;
16 23 0;
19 23 20 23 0;
23 23 24 23 0;
34 23 37 23 0;
48 23 0;
53 23 0;
2 24 0;
5 24 6 24 0;
11 24 0;
15 24 0;
21 24 22 24 0;
25 24 0;
34 24 0;
38 24 39 24 0;
47 24 0;
53 24 0;
3 25 4 25 0;
12 25 14 25 0;
23 25 24 25 0;
34 25 0;
40 25 41 25 0;
47 25 0;
52 25 0;
12 26 0;
42 26 0;
47 26 0;
52 26 0;
12 27 0;
43 27 0;
47 27 0;
52 27 0;
13 28 0;
44 28 0;
47 28 0;
52 28 0;
13 29 0;
45 29 0;
47 29 0;
51 29 0;
14 30 0;
45 30 0;
47 30 0;
51 30 0;
14 31 0;
30 31 0;
37 31 0;
46 31 0;
51 31 0;
15 32 0;
30 32 0;
36 32 0;
46 32 0;
51 32 0;
15 33 0;
21 33 0;
30 33 0;
36 33 0;
46 33 0;
50 33 0;
16 34 0;
22 34 0;
31 34 0;
35 34 0;
50 34 0;
16 35 0;
22 35 0;
31 35 0;
35 35 0;
47 35 0;
50 35 0;
17 36 0;
23 36 0;
31 36 0;
35 36 0;
47 36 0;
50 36 0;
17 37 0;
23 37 0;
31 37 0;
34 37 0;
47 37 0;
50 37 0;
18 38 0;
24 38 0;
32 38 0;
34 38 0;
47 38 0;
49 38 0;
18 39 0;
24 39 0;
32 39 0;
34 39 0;
49 39 0;
19 40 0;
24 40 0;
32 40 0;
34 40 0;
49 40 0;
19 41 0;
25 41 0;
32 41 0;
34 41 0;
46 41 0;
48 41 0;
20 42 0;
25 42 0;
33 42 0;
35 42 0;
46 42 0;
48 42 0;
20 43 0;
25 43 0;
33 43 0;
35 43 0;
45 43 0;
47 43 0;
20 44 0;
26 44 0;
33 44 0;
35 44 0;
45 44 46 44 0;
21 45 0;
26 45 0;
33 45 0;
35 45 0;
45 45 0;
21 46 0;
27 46 0;
34 46 35 46 0;
44 46 0;
11 47 16 47 0;
21 47 0;
27 47 0;
34 47 0;
36 47 0;
43 47 0;
10 48 0;
17 48 21 48 0;
27 48 28 48 0;
32 48 34 48 0;
36 48 0;
42 48 45 48 0;
9 49 0;
16 49 0;
21 49 0;
26 49 0;
34 49 0;
36 49 0;
46 49 0;
9 50 0;
15 50 0;
22 50 0;
25 50 0;
35 50 36 50 0;
47 50 0;
8 51 10 51 0;
15 51 16 51 0;
25 51 0;
35 51 0;
37 51 39 51 0;
43 51 44 51 0;
47 51 48 51 0;
7 52 0;
11 52 0;
14 52 0;
17 52 0;
20 52 21 52 0;
25 52 27 52 0;
30 52 31 52 0;
33 52 35 52 0;
37 52 0;
40 52 0;
42 52 0;
45 52 0;
47 52 0;
49 52 0;
7 53 0;
9 53 14 53 0;
17 53 0;
19 53 0;
22 53 0;
25 53 0;
28 53 0;
32 53 0;
35 53 37 53 0;
40 53 0;
42 53 0;
46 53 47 53 0;
50 53 0;
8 54 0;
16 54 19 54 0;
21 54 25 54 0;
27 54 29 54 0;
31 54 33 54 0;
35 54 37 54 0;
39 54 44 54 0;
46 54 50 54 0;
15 55 0;
20 55 0;
25 55 26 55 0;
30 55 0;
34 55 35 55 0;
37 55 38 55 0;
45 55 46 55 0;
