054 Psyduck;
2;
13 8 0;
16 8 0;
11 9 0;
14 9 0;
16 9 0;
20 9 25 9 0;
12 10 0;
14 10 0;
16 10 0;
18 10 19 10 0;
26 10 27 10 0;
13 11 0;
15 11 17 11 0;
23 11 24 11 0;
28 11 0;
14 12 15 12 0;
22 12 0;
25 12 0;
29 12 32 12 0;
14 13 0;
21 13 0;
26 13 0;
30 13 0;
33 13 35 13 0;
13 14 0;
20 14 0;
26 14 0;
29 14 0;
31 14 0;
36 14 38 14 0;
12 15 0;
20 15 0;
22 15 0;
25 15 0;
29 15 0;
39 15 40 15 0;
12 16 0;
21 16 0;
24 16 0;
29 16 0;
41 16 0;
11 17 0;
22 17 23 17 0;
25 17 27 17 0;
30 17 0;
42 17 0;
11 18 0;
24 18 0;
28 18 0;
31 18 32 18 0;
42 18 0;
10 19 0;
15 19 16 19 0;
22 19 23 19 0;
29 19 31 19 0;
33 19 0;
43 19 0;
10 20 0;
14 20 0;
17 20 0;
21 20 0;
32 20 35 20 0;
43 20 0;
10 21 0;
13 21 0;
18 21 0;
20 21 0;
34 21 37 21 0;
43 21 0;
10 22 0;
12 22 0;
18 22 0;
20 22 0;
25 22 0;
36 22 0;
38 22 39 22 0;
44 22 0;
10 23 0;
12 23 0;
14 23 0;
17 23 0;
19 23 0;
37 23 0;
45 23 0;
10 24 0;
13 24 0;
16 24 0;
19 24 0;
23 24 0;
38 24 0;
45 24 0;
11 25 0;
14 25 15 25 0;
18 25 0;
38 25 0;
46 25 0;
10 26 11 26 0;
18 26 0;
39 26 0;
46 26 0;
10 27 0;
12 27 0;
19 27 0;
39 27 0;
46 27 0;
10 28 0;
13 28 0;
20 28 0;
39 28 0;
46 28 0;
11 29 0;
14 29 15 29 0;
20 29 0;
39 29 0;
47 29 0;
11 30 0;
16 30 17 30 0;
20 30 0;
38 30 0;
47 30 0;
12 31 0;
18 31 21 31 0;
38 31 0;
47 31 0;
12 32 0;
18 32 0;
21 32 0;
37 32 0;
47 32 0;
12 33 0;
18 33 0;
22 33 0;
37 33 0;
47 33 0;
12 34 0;
22 34 0;
36 34 0;
47 34 0;
12 35 0;
23 35 0;
35 35 0;
47 35 0;
13 36 0;
24 36 0;
33 36 34 36 0;
47 36 0;
14 37 0;
25 37 26 37 0;
31 37 32 37 0;
46 37 0;
15 38 18 38 0;
27 38 30 38 0;
46 38 0;
19 39 0;
45 39 0;
19 40 0;
45 40 0;
20 41 0;
44 41 0;
20 42 0;
40 42 41 42 0;
43 42 0;
17 43 19 43 0;
21 43 22 43 0;
37 43 39 43 0;
43 43 0;
15 44 16 44 0;
23 44 24 44 0;
34 44 36 44 0;
44 44 0;
13 45 14 45 0;
26 45 34 45 0;
46 45 0;
12 46 0;
16 46 0;
20 46 0;
25 46 26 46 0;
35 46 36 46 0;
40 46 0;
44 46 0;
47 46 0;
13 47 24 47 0;
37 47 46 47 0;
