055 Golduck;
2;
30 0 31 0 0;
36 0 0;
18 1 0;
25 1 27 1 0;
29 1 0;
32 1 0;
35 1 0;
37 1 0;
18 2 19 2 0;
24 2 0;
28 2 0;
33 2 34 2 0;
37 2 0;
8 3 0;
18 3 0;
20 3 0;
23 3 0;
28 3 0;
34 3 0;
37 3 0;
8 4 9 4 0;
18 4 0;
21 4 23 4 0;
28 4 0;
34 4 0;
36 4 0;
38 4 0;
8 5 0;
10 5 0;
18 5 0;
20 5 0;
23 5 0;
29 5 0;
32 5 0;
35 5 0;
38 5 0;
8 6 0;
11 6 0;
18 6 19 6 0;
23 6 0;
25 6 29 6 0;
31 6 0;
38 6 0;
8 7 0;
12 7 0;
18 7 19 7 0;
24 7 0;
30 7 0;
38 7 0;
8 8 0;
13 8 0;
18 8 0;
21 8 26 8 0;
38 8 0;
8 9 0;
14 9 0;
17 9 18 9 0;
20 9 0;
27 9 0;
39 9 0;
8 10 0;
15 10 16 10 0;
19 10 0;
28 10 32 10 0;
40 10 0;
8 11 0;
29 11 0;
33 11 0;
41 11 0;
9 12 0;
23 12 25 12 0;
30 12 0;
34 12 0;
41 12 0;
1 13 2 13 0;
9 13 0;
22 13 23 13 0;
25 13 0;
30 13 0;
35 13 0;
42 13 0;
1 14 0;
3 14 4 14 0;
9 14 0;
16 14 0;
21 14 22 14 0;
30 14 0;
35 14 0;
42 14 0;
2 15 0;
5 15 6 15 0;
9 15 0;
17 15 0;
20 15 0;
22 15 23 15 0;
29 15 0;
35 15 0;
43 15 0;
2 16 0;
7 16 9 16 0;
21 16 0;
29 16 0;
31 16 34 16 0;
36 16 0;
43 16 0;
3 17 0;
10 17 15 17 0;
28 17 0;
30 17 0;
36 17 0;
43 17 0;
3 18 0;
10 18 0;
13 18 0;
15 18 0;
28 18 0;
43 18 0;
4 19 0;
12 19 13 19 0;
18 19 0;
21 19 23 19 0;
27 19 0;
42 19 0;
5 20 0;
17 20 0;
24 20 0;
26 20 0;
42 20 0;
6 21 0;
16 21 0;
25 21 26 21 0;
41 21 0;
44 21 0;
7 22 8 22 0;
15 22 0;
21 22 0;
26 22 0;
40 22 0;
44 22 0;
9 23 10 23 0;
15 23 0;
18 23 0;
26 23 0;
39 23 0;
43 23 0;
45 23 0;
11 24 12 24 0;
14 24 0;
27 24 0;
38 24 0;
43 24 0;
45 24 0;
13 25 15 25 0;
27 25 0;
39 25 0;
43 25 0;
45 25 0;
15 26 0;
28 26 0;
40 26 0;
43 26 0;
45 26 0;
15 27 0;
28 27 0;
40 27 0;
43 27 0;
45 27 0;
16 28 0;
29 28 0;
41 28 42 28 0;
45 28 0;
16 29 0;
28 29 0;
41 29 42 29 0;
45 29 0;
16 30 0;
27 30 0;
42 30 0;
45 30 0;
16 31 0;
26 31 0;
42 31 0;
46 31 0;
17 32 0;
25 32 0;
42 32 0;
46 32 0;
18 33 24 33 0;
43 33 0;
46 33 0;
16 34 19 34 0;
22 34 23 34 0;
43 34 0;
46 34 0;
14 35 15 35 0;
23 35 0;
43 35 0;
46 35 0;
13 36 0;
20 36 21 36 0;
23 36 0;
44 36 0;
46 36 0;
12 37 0;
15 37 16 37 0;
18 37 19 37 0;
23 37 0;
45 37 46 37 0;
12 38 14 38 0;
17 38 0;
20 38 24 38 0;
46 38 0;
16 39 19 39 0;
24 39 0;
47 39 0;
14 40 15 40 0;
24 40 0;
38 40 0;
48 40 0;
13 41 0;
25 41 0;
37 41 0;
49 41 0;
12 42 0;
26 42 0;
37 42 0;
50 42 0;
11 43 0;
27 43 28 43 0;
33 43 37 43 0;
50 43 0;
11 44 0;
29 44 32 44 0;
38 44 39 44 0;
50 44 0;
11 45 0;
24 45 28 45 0;
33 45 0;
40 45 41 45 0;
50 45 0;
12 46 0;
22 46 23 46 0;
34 46 0;
42 46 0;
50 46 0;
13 47 15 47 0;
34 47 0;
43 47 0;
49 47 0;
16 48 27 48 0;
33 48 0;
44 48 0;
49 48 0;
25 49 30 49 0;
33 49 0;
44 49 0;
48 49 0;
21 50 24 50 0;
32 50 0;
44 50 48 50 0;
18 51 20 51 0;
32 51 0;
42 51 43 51 0;
49 51 50 51 0;
17 52 0;
21 52 22 52 0;
31 52 0;
41 52 0;
51 52 0;
18 53 20 53 0;
23 53 0;
26 53 27 53 0;
30 53 0;
40 53 0;
45 53 0;
48 53 0;
52 53 0;
24 54 25 54 0;
28 54 29 54 0;
40 54 0;
42 54 46 54 0;
48 54 50 54 0;
52 54 0;
41 55 0;
46 55 47 55 0;
51 55 0;
