056 Mankey;
7;
20 11 22 11 0;
36 11 39 11 0;
17 12 19 12 0;
23 12 24 12 0;
34 12 35 12 0;
40 12 41 12 0;
16 13 0;
25 13 0;
33 13 0;
42 13 0;
15 14 0;
18 14 20 14 0;
26 14 0;
33 14 0;
38 14 39 14 0;
43 14 0;
14 15 0;
17 15 0;
21 15 0;
26 15 0;
32 15 0;
38 15 0;
40 15 0;
43 15 0;
13 16 0;
16 16 0;
21 16 0;
26 16 0;
32 16 0;
37 16 0;
41 16 0;
44 16 0;
13 17 0;
16 17 0;
21 17 0;
24 17 0;
26 17 0;
32 17 33 17 0;
36 17 0;
41 17 0;
44 17 0;
12 18 0;
15 18 0;
22 18 23 18 0;
25 18 0;
31 18 0;
33 18 35 18 0;
41 18 0;
44 18 0;
12 19 0;
15 19 0;
22 19 0;
25 19 0;
30 19 0;
32 19 0;
34 19 0;
41 19 0;
44 19 0;
12 20 0;
15 20 0;
21 20 0;
24 20 0;
26 20 29 20 0;
32 20 0;
34 20 0;
40 20 0;
44 20 0;
12 21 0;
16 21 0;
21 21 0;
34 21 0;
40 21 0;
44 21 0;
13 22 0;
17 22 0;
20 22 0;
35 22 0;
39 22 0;
43 22 0;
13 23 0;
17 23 0;
19 23 0;
22 23 23 23 0;
31 23 33 23 0;
36 23 0;
39 23 0;
43 23 0;
13 24 0;
18 24 0;
21 24 0;
24 24 0;
30 24 0;
34 24 0;
37 24 38 24 0;
43 24 0;
14 25 0;
17 25 0;
21 25 0;
24 25 0;
29 25 30 25 0;
34 25 0;
38 25 0;
42 25 0;
14 26 0;
17 26 0;
21 26 0;
23 26 24 26 0;
29 26 31 26 0;
34 26 0;
39 26 0;
42 26 0;
10 27 11 27 0;
15 27 0;
21 27 0;
23 27 0;
29 27 0;
31 27 0;
34 27 0;
39 27 0;
41 27 0;
9 28 0;
12 28 0;
15 28 16 28 0;
22 28 0;
24 28 27 28 0;
30 28 33 28 0;
41 28 0;
8 29 0;
13 29 0;
15 29 0;
23 29 24 29 0;
27 29 28 29 0;
41 29 0;
8 30 0;
10 30 0;
13 30 0;
15 30 0;
22 30 0;
24 30 0;
27 30 0;
29 30 0;
40 30 0;
8 31 0;
10 31 11 31 0;
13 31 0;
15 31 0;
22 31 0;
29 31 0;
40 31 0;
9 32 0;
11 32 0;
13 32 0;
15 32 0;
23 32 28 32 0;
40 32 0;
10 33 11 33 0;
13 33 0;
15 33 0;
40 33 0;
11 34 0;
13 34 0;
15 34 0;
40 34 0;
11 35 0;
13 35 0;
16 35 0;
39 35 0;
11 36 0;
14 36 0;
16 36 0;
39 36 0;
12 37 0;
14 37 0;
17 37 0;
38 37 0;
12 38 0;
15 38 0;
18 38 19 38 0;
35 38 0;
37 38 38 38 0;
13 39 0;
16 39 18 39 0;
20 39 21 39 0;
25 39 31 39 0;
38 39 0;
14 40 15 40 0;
18 40 19 40 0;
24 40 0;
26 40 0;
32 40 33 40 0;
39 40 0;
16 41 17 41 0;
19 41 0;
23 41 0;
25 41 0;
34 41 0;
39 41 0;
18 42 0;
22 42 24 42 0;
35 42 36 42 0;
40 42 0;
13 43 17 43 0;
22 43 0;
37 43 38 43 0;
41 43 44 43 0;
12 44 0;
22 44 0;
37 44 0;
45 44 46 44 0;
12 45 0;
16 45 20 45 0;
23 45 0;
36 45 0;
39 45 41 45 0;
47 45 0;
13 46 15 46 0;
21 46 22 46 0;
37 46 38 46 0;
42 46 0;
47 46 0;
43 47 46 47 0;
