057 Primeape;
7;
11 0 14 0 0;
45 0 47 0 0;
9 1 10 1 0;
15 1 16 1 0;
44 1 0;
48 1 49 1 0;
8 2 0;
17 2 0;
43 2 0;
50 2 0;
7 3 0;
18 3 0;
42 3 0;
51 3 0;
6 4 0;
18 4 0;
42 4 0;
52 4 0;
6 5 0;
17 5 18 5 0;
42 5 0;
52 5 0;
7 6 0;
12 6 19 6 0;
42 6 0;
52 6 0;
8 7 11 7 0;
14 7 0;
16 7 19 7 0;
42 7 0;
51 7 0;
14 8 0;
16 8 18 8 0;
43 8 44 8 0;
47 8 50 8 0;
14 9 15 9 0;
18 9 0;
33 9 0;
44 9 47 9 0;
13 10 0;
18 10 0;
32 10 0;
34 10 0;
43 10 45 10 0;
47 10 0;
13 11 0;
18 11 19 11 0;
31 11 0;
34 11 0;
43 11 45 11 0;
47 11 0;
13 12 0;
17 12 0;
20 12 0;
24 12 0;
30 12 0;
35 12 0;
42 12 0;
44 12 46 12 0;
48 12 0;
13 13 0;
17 13 0;
20 13 0;
23 13 0;
25 13 0;
29 13 0;
35 13 0;
42 13 0;
48 13 0;
13 14 0;
16 14 0;
21 14 22 14 0;
25 14 0;
27 14 0;
29 14 0;
36 14 0;
42 14 0;
48 14 0;
12 15 0;
16 15 0;
21 15 0;
26 15 0;
28 15 0;
37 15 0;
41 15 0;
47 15 0;
12 16 0;
15 16 0;
20 16 0;
26 16 0;
28 16 0;
38 16 0;
40 16 0;
47 16 0;
12 17 0;
15 17 0;
19 17 0;
39 17 0;
47 17 0;
8 18 11 18 0;
38 18 0;
46 18 0;
5 19 7 19 0;
11 19 0;
37 19 0;
46 19 0;
6 20 0;
11 20 0;
45 20 0;
7 21 0;
45 21 0;
8 22 0;
11 22 0;
44 22 46 22 0;
9 23 0;
15 23 0;
23 23 0;
25 23 0;
33 23 34 23 0;
42 23 0;
47 23 49 23 0;
9 24 0;
16 24 18 24 0;
23 24 0;
25 24 0;
31 24 32 24 0;
35 24 0;
50 24 0;
8 25 0;
16 25 0;
19 25 0;
29 25 30 25 0;
35 25 0;
48 25 49 25 0;
7 26 0;
17 26 0;
19 26 20 26 0;
28 26 0;
30 26 0;
34 26 0;
45 26 47 26 0;
6 27 0;
17 27 0;
19 27 0;
21 27 0;
28 27 0;
30 27 0;
33 27 0;
44 27 0;
6 28 7 28 0;
18 28 20 28 0;
22 28 26 28 0;
29 28 32 28 0;
45 28 0;
8 29 0;
21 29 0;
27 29 28 29 0;
46 29 0;
6 30 10 30 0;
20 30 0;
22 30 0;
25 30 0;
29 30 0;
47 30 0;
5 31 0;
11 31 12 31 0;
20 31 0;
22 31 0;
25 31 0;
29 31 0;
48 31 0;
4 32 0;
13 32 0;
21 32 0;
28 32 0;
49 32 0;
4 33 0;
14 33 0;
22 33 27 33 0;
42 33 0;
45 33 50 33 0;
4 34 0;
14 34 0;
44 34 0;
4 35 0;
15 35 0;
45 35 0;
4 36 0;
15 36 0;
46 36 0;
4 37 0;
15 37 0;
39 37 0;
41 37 47 37 0;
5 38 0;
41 38 0;
5 39 0;
16 39 0;
42 39 0;
6 40 0;
27 40 0;
37 40 0;
42 40 0;
7 41 0;
17 41 0;
39 41 41 41 0;
8 42 9 42 0;
18 42 19 42 0;
27 42 0;
32 42 0;
39 42 0;
10 43 0;
18 43 20 43 0;
26 43 0;
28 43 0;
32 43 33 43 0;
39 43 40 43 0;
11 44 0;
18 44 0;
21 44 0;
25 44 0;
29 44 0;
31 44 0;
34 44 35 44 0;
39 44 44 44 0;
12 45 0;
17 45 0;
22 45 0;
24 45 0;
30 45 0;
36 45 0;
38 45 41 45 0;
45 45 0;
13 46 16 46 0;
23 46 0;
37 46 38 46 0;
40 46 41 46 0;
46 46 0;
38 47 40 47 0;
47 47 0;
39 48 0;
48 48 0;
40 49 0;
48 49 0;
41 50 0;
49 50 0;
41 51 0;
49 51 0;
41 52 0;
49 52 0;
42 53 0;
49 53 0;
42 54 0;
48 54 0;
43 55 47 55 0;
