058 Growlithe;
4;
30 10 36 10 0;
29 11 0;
37 11 38 11 0;
28 12 0;
39 12 40 12 0;
28 13 0;
35 13 37 13 0;
41 13 0;
44 13 0;
27 14 0;
29 14 30 14 0;
34 14 0;
38 14 0;
42 14 43 14 0;
26 15 0;
32 15 33 15 0;
35 15 36 15 0;
39 15 41 15 0;
25 16 0;
34 16 36 16 0;
39 16 0;
23 17 24 17 0;
35 17 0;
38 17 0;
22 18 0;
29 18 31 18 0;
36 18 37 18 0;
21 19 0;
23 19 24 19 0;
28 19 0;
30 19 32 19 0;
37 19 0;
21 20 24 20 0;
30 20 31 20 0;
38 20 0;
21 21 0;
23 21 0;
38 21 0;
22 22 25 22 0;
38 22 39 22 0;
22 23 27 23 0;
38 23 39 23 0;
14 24 20 24 0;
23 24 29 24 0;
37 24 39 24 0;
13 25 0;
21 25 0;
25 25 26 25 0;
30 25 0;
32 25 0;
37 25 40 25 0;
12 26 0;
23 26 24 26 0;
29 26 0;
36 26 38 26 0;
40 26 0;
12 27 0;
24 27 28 27 0;
34 27 37 27 0;
41 27 0;
11 28 0;
22 28 0;
25 28 0;
37 28 0;
41 28 0;
11 29 0;
21 29 22 29 0;
28 29 0;
39 29 0;
41 29 0;
11 30 0;
19 30 21 30 0;
32 30 0;
36 30 37 30 0;
41 30 0;
11 31 0;
18 31 0;
20 31 21 31 0;
34 31 0;
38 31 0;
40 31 41 31 0;
11 32 0;
13 32 0;
17 32 18 32 0;
20 32 21 32 0;
38 32 41 32 0;
12 33 0;
14 33 0;
16 33 18 33 0;
21 33 22 33 0;
39 33 41 33 0;
16 34 18 34 0;
22 34 0;
40 34 41 34 0;
15 35 0;
17 35 19 35 0;
22 35 0;
27 35 0;
33 35 0;
37 35 38 35 0;
40 35 0;
15 36 0;
17 36 19 36 0;
23 36 0;
37 36 0;
39 36 40 36 0;
14 37 0;
18 37 19 37 0;
24 37 0;
27 37 0;
32 37 0;
36 37 0;
39 37 0;
14 38 0;
19 38 20 38 0;
25 38 26 38 0;
30 38 0;
35 38 0;
39 38 0;
14 39 15 39 0;
21 39 22 39 0;
27 39 0;
29 39 0;
33 39 34 39 0;
39 39 0;
13 40 17 40 0;
27 40 29 40 0;
32 40 35 40 0;
38 40 39 40 0;
13 41 19 41 0;
27 41 33 41 0;
35 41 38 41 0;
13 42 0;
17 42 20 42 0;
27 42 29 42 0;
33 42 0;
35 42 38 42 0;
13 43 0;
27 43 0;
33 43 0;
36 43 38 43 0;
14 44 0;
21 44 24 44 0;
27 44 30 44 0;
33 44 0;
37 44 38 44 0;
14 45 0;
20 45 0;
25 45 26 45 0;
33 45 0;
39 45 0;
15 46 0;
23 46 0;
25 46 0;
33 46 0;
40 46 0;
16 47 18 47 0;
21 47 0;
23 47 0;
25 47 0;
27 47 0;
29 47 0;
32 47 0;
34 47 0;
36 47 0;
38 47 0;
40 47 0;
17 48 31 48 0;
35 48 39 48 0;
