059 Arcanine;
4;
14 1 16 1 0;
13 2 0;
15 2 0;
18 2 0;
12 3 0;
14 3 0;
17 3 0;
19 3 21 3 0;
9 4 0;
11 4 0;
15 4 16 4 0;
22 4 0;
25 4 27 4 0;
8 5 0;
10 5 0;
23 5 24 5 0;
28 5 0;
31 5 34 5 0;
8 6 0;
23 6 0;
26 6 27 6 0;
29 6 30 6 0;
33 6 0;
7 7 0;
16 7 18 7 0;
22 7 0;
24 7 25 7 0;
29 7 0;
32 7 0;
7 8 0;
13 8 16 8 0;
19 8 21 8 0;
23 8 24 8 0;
28 8 0;
32 8 0;
6 9 0;
9 9 12 9 0;
15 9 17 9 0;
19 9 0;
22 9 23 9 0;
27 9 0;
33 9 34 9 0;
43 9 0;
47 9 0;
6 10 10 10 0;
13 10 15 10 0;
17 10 0;
20 10 23 10 0;
26 10 0;
35 10 0;
42 10 0;
44 10 0;
46 10 0;
48 10 0;
6 11 0;
8 11 0;
16 11 17 11 0;
20 11 0;
23 11 25 11 0;
34 11 0;
41 11 0;
45 11 0;
48 11 0;
50 11 52 11 0;
5 12 0;
7 12 0;
13 12 0;
18 12 0;
20 12 0;
34 12 0;
40 12 0;
49 12 0;
53 12 0;
4 13 0;
15 13 0;
19 13 21 13 0;
33 13 0;
39 13 0;
51 13 0;
17 14 18 14 0;
22 14 0;
34 14 0;
38 14 0;
52 14 0;
4 15 0;
6 15 11 15 0;
23 15 0;
33 15 0;
35 15 0;
38 15 0;
52 15 0;
5 16 0;
7 16 9 16 0;
12 16 13 16 0;
25 16 26 16 0;
30 16 31 16 0;
35 16 0;
37 16 0;
53 16 0;
5 17 0;
7 17 0;
9 17 0;
11 17 13 17 0;
27 17 0;
34 17 0;
37 17 0;
53 17 0;
6 18 0;
10 18 11 18 0;
14 18 15 18 0;
20 18 0;
26 18 0;
34 18 0;
37 18 0;
49 18 0;
53 18 0;
7 19 8 19 0;
16 19 19 19 0;
29 19 0;
33 19 0;
36 19 0;
49 19 0;
53 19 0;
8 20 0;
30 20 32 20 0;
36 20 0;
49 20 0;
53 20 0;
7 21 9 21 0;
33 21 0;
36 21 0;
48 21 0;
53 21 0;
5 22 6 22 0;
10 22 0;
27 22 0;
33 22 0;
36 22 0;
47 22 0;
52 22 0;
4 23 0;
11 23 12 23 0;
22 23 23 23 0;
26 23 0;
28 23 0;
32 23 34 23 0;
36 23 0;
46 23 0;
52 23 0;
3 24 0;
11 24 0;
20 24 0;
24 24 25 24 0;
29 24 34 24 0;
37 24 0;
46 24 0;
51 24 0;
3 25 0;
10 25 0;
28 25 0;
31 25 35 25 0;
37 25 0;
45 25 0;
50 25 0;
2 26 0;
10 26 0;
27 26 0;
31 26 35 26 0;
37 26 0;
45 26 0;
50 26 0;
2 27 0;
31 27 33 27 0;
35 27 36 27 0;
38 27 0;
45 27 0;
49 27 0;
2 28 0;
28 28 0;
31 28 33 28 0;
36 28 38 28 0;
46 28 0;
49 28 0;
2 29 0;
8 29 0;
22 29 0;
26 29 27 29 0;
30 29 32 29 0;
37 29 38 29 0;
46 29 0;
49 29 0;
3 30 0;
24 30 0;
26 30 31 30 0;
36 30 38 30 0;
46 30 0;
50 30 53 30 0;
4 31 0;
7 31 0;
13 31 0;
30 31 31 31 0;
36 31 39 31 0;
47 31 0;
52 31 0;
4 32 0;
19 32 0;
28 32 30 32 0;
35 32 39 32 0;
45 32 0;
48 32 50 32 0;
1 33 0;
4 33 0;
6 33 0;
13 33 0;
20 33 0;
25 33 0;
27 33 28 33 0;
34 33 35 33 0;
39 33 0;
44 33 0;
2 34 3 34 0;
6 34 0;
24 34 26 34 0;
40 34 0;
42 34 45 34 0;
4 35 6 35 0;
12 35 0;
20 35 0;
24 35 27 35 0;
29 35 33 35 0;
40 35 43 35 0;
45 35 0;
6 36 0;
11 36 0;
20 36 0;
24 36 27 36 0;
34 36 35 36 0;
39 36 41 36 0;
45 36 0;
48 36 0;
6 37 0;
11 37 0;
19 37 0;
21 37 0;
23 37 0;
25 37 26 37 0;
39 37 40 37 0;
44 37 0;
48 37 0;
4 38 0;
6 38 7 38 0;
10 38 0;
12 38 0;
19 38 0;
21 38 22 38 0;
24 38 0;
26 38 0;
38 38 40 38 0;
44 38 0;
47 38 0;
49 38 0;
51 38 0;
4 39 7 39 0;
10 39 0;
12 39 0;
19 39 0;
21 39 0;
25 39 0;
36 39 39 39 0;
43 39 0;
46 39 0;
49 39 51 39 0;
4 40 0;
6 40 8 40 0;
10 40 0;
13 40 0;
18 40 0;
23 40 0;
25 40 0;
35 40 39 40 0;
43 40 44 40 0;
49 40 0;
51 40 0;
4 41 0;
7 41 0;
9 41 0;
13 41 0;
15 41 0;
17 41 0;
22 41 0;
24 41 0;
33 41 38 41 0;
42 41 0;
48 41 0;
51 41 0;
4 42 0;
7 42 8 42 0;
13 42 0;
15 42 16 42 0;
19 42 22 42 0;
24 42 0;
31 42 38 42 0;
42 42 0;
50 42 0;
4 43 0;
8 43 0;
12 43 0;
15 43 0;
19 43 21 43 0;
24 43 0;
37 43 0;
47 43 0;
50 43 0;
5 44 0;
8 44 9 44 0;
11 44 16 44 0;
18 44 20 44 0;
24 44 25 44 0;
28 44 30 44 0;
36 44 0;
45 44 0;
49 44 0;
5 45 0;
9 45 0;
11 45 19 45 0;
23 45 0;
25 45 26 45 0;
29 45 35 45 0;
43 45 0;
48 45 0;
6 46 0;
9 46 12 46 0;
14 46 19 46 0;
23 46 0;
28 46 0;
30 46 32 46 0;
40 46 41 46 0;
47 46 0;
6 47 0;
9 47 11 47 0;
13 47 14 47 0;
16 47 18 47 0;
23 47 0;
45 47 46 47 0;
7 48 0;
10 48 0;
13 48 14 48 0;
16 48 0;
18 48 0;
20 48 0;
22 48 25 48 0;
43 48 44 48 0;
8 49 0;
13 49 14 49 0;
19 49 0;
21 49 0;
26 49 27 49 0;
29 49 31 49 0;
41 49 43 49 0;
7 50 0;
12 50 13 50 0;
21 50 0;
25 50 0;
28 50 0;
32 50 0;
37 50 42 50 0;
6 51 0;
12 51 0;
17 51 0;
21 51 0;
24 51 0;
27 51 0;
34 51 36 51 0;
40 51 0;
6 52 0;
8 52 0;
12 52 0;
14 52 0;
16 52 0;
20 52 21 52 0;
24 52 0;
27 52 0;
35 52 0;
38 52 39 52 0;
6 53 0;
8 53 0;
10 53 0;
12 53 0;
14 53 0;
16 53 0;
20 53 21 53 0;
24 53 0;
27 53 0;
36 53 37 53 0;
7 54 18 54 0;
22 54 35 54 0;
