006 Charizard;
4;
42 0 0;
42 1 43 1 0;
18 2 20 2 0;
42 2 43 2 0;
17 3 0;
21 3 24 3 0;
43 3 0;
49 3 0;
5 4 0;
18 4 0;
25 4 27 4 0;
49 4 50 4 0;
4 5 0;
6 5 0;
19 5 0;
28 5 29 5 0;
46 5 0;
50 5 0;
4 6 0;
6 6 0;
20 6 0;
26 6 0;
30 6 31 6 0;
46 6 47 6 0;
3 7 0;
6 7 0;
20 7 0;
25 7 0;
27 7 0;
32 7 0;
42 7 0;
46 7 0;
48 7 49 7 0;
3 8 0;
6 8 0;
16 8 0;
20 8 0;
25 8 0;
28 8 29 8 0;
33 8 34 8 0;
42 8 43 8 0;
47 8 0;
50 8 0;
3 9 0;
7 9 0;
15 9 0;
17 9 0;
20 9 0;
24 9 0;
30 9 0;
35 9 0;
47 9 0;
51 9 0;
2 10 0;
7 10 0;
15 10 0;
17 10 0;
20 10 0;
24 10 0;
31 10 0;
36 10 0;
47 10 0;
51 10 0;
2 11 0;
8 11 0;
15 11 0;
17 11 0;
20 11 0;
24 11 0;
32 11 0;
37 11 0;
46 11 0;
52 11 0;
1 12 0;
3 12 4 12 0;
8 12 0;
13 12 15 12 0;
17 12 19 12 0;
23 12 0;
33 12 0;
38 12 0;
46 12 0;
53 12 0;
1 13 0;
3 13 0;
5 13 0;
9 13 12 13 0;
15 13 0;
17 13 0;
20 13 0;
23 13 0;
34 13 0;
39 13 0;
46 13 0;
53 13 0;
1 14 0;
3 14 0;
6 14 0;
11 14 0;
15 14 0;
17 14 0;
21 14 22 14 0;
34 14 0;
40 14 0;
45 14 0;
53 14 0;
1 15 0;
4 15 0;
7 15 0;
11 15 15 15 0;
17 15 0;
22 15 0;
35 15 0;
41 15 0;
45 15 0;
54 15 0;
1 16 0;
4 16 0;
8 16 10 16 0;
15 16 0;
17 16 18 16 0;
23 16 0;
36 16 0;
42 16 0;
45 16 0;
54 16 0;
1 17 0;
4 17 5 17 0;
9 17 0;
19 17 0;
24 17 0;
37 17 0;
42 17 0;
45 17 0;
50 17 0;
54 17 0;
1 18 0;
4 18 0;
6 18 0;
10 18 0;
20 18 0;
25 18 0;
37 18 0;
43 18 0;
45 18 0;
50 18 0;
54 18 0;
1 19 0;
4 19 0;
6 19 7 19 0;
26 19 0;
38 19 0;
43 19 0;
45 19 0;
50 19 0;
54 19 0;
1 20 0;
4 20 0;
6 20 0;
8 20 0;
20 20 21 20 0;
27 20 28 20 0;
38 20 0;
44 20 0;
46 20 0;
49 20 50 20 0;
54 20 0;
1 21 0;
4 21 0;
6 21 0;
19 21 0;
21 21 0;
29 21 30 21 0;
38 21 0;
44 21 0;
46 21 0;
49 21 50 21 0;
54 21 0;
1 22 0;
4 22 0;
6 22 0;
18 22 0;
21 22 0;
31 22 0;
39 22 0;
45 22 0;
49 22 50 22 0;
54 22 0;
0 23 0;
3 23 0;
6 23 0;
17 23 19 23 0;
21 23 0;
32 23 0;
39 23 0;
45 23 0;
47 23 0;
49 23 50 23 0;
53 23 0;
0 24 0;
3 24 0;
7 24 0;
17 24 0;
19 24 0;
21 24 0;
28 24 0;
33 24 0;
40 24 0;
45 24 0;
49 24 50 24 0;
53 24 0;
0 25 0;
3 25 0;
7 25 9 25 0;
18 25 21 25 0;
29 25 0;
34 25 0;
40 25 0;
46 25 0;
48 25 50 25 0;
52 25 0;
0 26 0;
3 26 0;
7 26 0;
10 26 11 26 0;
21 26 0;
29 26 0;
35 26 0;
41 26 0;
46 26 0;
48 26 50 26 0;
0 27 0;
3 27 0;
8 27 0;
10 27 0;
12 27 0;
21 27 0;
30 27 0;
36 27 0;
41 27 0;
46 27 50 27 0;
0 28 0;
3 28 0;
9 28 0;
11 28 0;
21 28 0;
30 28 0;
36 28 0;
41 28 0;
46 28 47 28 0;
49 28 50 28 0;
0 29 0;
3 29 0;
10 29 0;
21 29 0;
30 29 0;
37 29 0;
42 29 0;
45 29 0;
49 29 50 29 0;
0 30 0;
2 30 0;
11 30 0;
22 30 0;
29 30 0;
37 30 0;
42 30 0;
44 30 0;
49 30 0;
0 31 0;
2 31 0;
12 31 0;
18 31 0;
22 31 0;
29 31 0;
37 31 0;
42 31 43 31 0;
49 31 0;
0 32 0;
2 32 0;
12 32 0;
15 32 0;
19 32 0;
21 32 22 32 0;
28 32 0;
37 32 0;
41 32 42 32 0;
49 32 0;
0 33 0;
2 33 0;
13 33 0;
16 33 0;
20 33 21 33 0;
26 33 27 33 0;
37 33 0;
40 33 0;
48 33 0;
0 34 0;
2 34 0;
12 34 13 34 0;
19 34 20 34 0;
24 34 25 34 0;
37 34 0;
39 34 0;
48 34 0;
0 35 0;
2 35 0;
11 35 0;
14 35 18 35 0;
23 35 0;
26 35 0;
36 35 0;
38 35 39 35 0;
48 35 0;
0 36 0;
2 36 0;
10 36 0;
15 36 0;
23 36 0;
26 36 27 36 0;
35 36 0;
40 36 0;
47 36 0;
1 37 2 37 0;
8 37 9 37 0;
15 37 0;
23 37 0;
25 37 0;
28 37 30 37 0;
33 37 34 37 0;
41 37 0;
47 37 0;
1 38 0;
3 38 0;
6 38 7 38 0;
14 38 0;
24 38 25 38 0;
28 38 0;
31 38 32 38 0;
42 38 0;
46 38 0;
1 39 0;
3 39 0;
5 39 0;
7 39 0;
14 39 0;
25 39 0;
28 39 0;
31 39 0;
43 39 0;
46 39 0;
2 40 0;
4 40 0;
6 40 0;
8 40 0;
14 40 0;
27 40 0;
29 40 30 40 0;
43 40 0;
45 40 0;
3 41 0;
6 41 0;
8 41 9 41 0;
14 41 0;
30 41 0;
44 41 0;
4 42 0;
6 42 0;
8 42 0;
10 42 14 42 0;
29 42 0;
44 42 0;
6 43 8 43 0;
11 43 0;
14 43 15 43 0;
29 43 0;
44 43 0;
8 44 0;
10 44 0;
15 44 0;
29 44 0;
44 44 0;
8 45 9 45 0;
16 45 0;
29 45 0;
44 45 0;
9 46 0;
17 46 0;
30 46 0;
44 46 0;
18 47 0;
31 47 0;
44 47 0;
10 48 0;
19 48 0;
32 48 33 48 0;
42 48 0;
44 48 0;
11 49 0;
20 49 21 49 0;
30 49 31 49 0;
33 49 37 49 0;
45 49 0;
12 50 0;
22 50 29 50 0;
35 50 36 50 0;
46 50 0;
10 51 13 51 0;
24 51 0;
36 51 0;
47 51 0;
8 52 9 52 0;
22 52 23 52 0;
37 52 38 52 0;
44 52 0;
48 52 0;
7 53 0;
10 53 13 53 0;
21 53 0;
36 53 0;
40 53 41 53 0;
45 53 0;
49 53 0;
7 54 0;
9 54 0;
14 54 0;
20 54 0;
36 54 0;
41 54 0;
45 54 46 54 0;
50 54 0;
8 55 19 55 0;
37 55 40 55 0;
42 55 45 55 0;
47 55 49 55 0;
