060 Poliwag;
2;
26 14 33 14 0;
25 15 35 15 0;
23 16 0;
25 16 32 16 0;
34 16 36 16 0;
22 17 24 17 0;
26 17 30 17 0;
32 17 34 17 0;
36 17 37 17 0;
21 18 0;
25 18 31 18 0;
35 18 38 18 0;
20 19 25 19 0;
30 19 39 19 0;
20 20 24 20 0;
26 20 29 20 0;
31 20 39 20 0;
10 21 13 21 0;
19 21 25 21 0;
30 21 40 21 0;
9 22 0;
14 22 0;
19 22 40 22 0;
8 23 0;
15 23 0;
18 23 23 23 0;
34 23 41 23 0;
8 24 0;
15 24 0;
18 24 21 24 0;
26 24 30 24 0;
35 24 41 24 0;
8 25 0;
16 25 20 25 0;
25 25 0;
31 25 0;
36 25 42 25 0;
8 26 0;
16 26 20 26 0;
24 26 0;
27 26 29 26 0;
32 26 0;
37 26 42 26 0;
8 27 0;
12 27 0;
16 27 19 27 0;
23 27 0;
26 27 0;
30 27 0;
33 27 0;
37 27 43 27 0;
8 28 0;
12 28 0;
17 28 19 28 0;
22 28 0;
25 28 0;
31 28 0;
34 28 0;
38 28 43 28 0;
9 29 0;
13 29 0;
17 29 19 29 0;
22 29 0;
25 29 0;
31 29 0;
34 29 0;
38 29 43 29 0;
9 30 0;
13 30 0;
17 30 19 30 0;
22 30 0;
25 30 0;
27 30 0;
30 30 0;
34 30 0;
38 30 43 30 0;
10 31 0;
14 31 0;
17 31 19 31 0;
22 31 0;
25 31 0;
28 31 29 31 0;
33 31 0;
38 31 43 31 0;
11 32 0;
14 32 0;
17 32 19 32 0;
23 32 0;
26 32 0;
32 32 33 32 0;
38 32 42 32 0;
12 33 0;
15 33 0;
18 33 20 33 0;
24 33 0;
27 33 31 33 0;
37 33 42 33 0;
13 34 0;
16 34 0;
18 34 20 34 0;
25 34 0;
37 34 41 34 0;
14 35 15 35 0;
17 35 22 35 0;
26 35 28 35 0;
36 35 41 35 0;
16 36 22 36 0;
35 36 40 36 0;
19 37 24 37 0;
32 37 39 37 0;
24 38 38 38 0;
24 39 37 39 0;
22 40 27 40 0;
34 40 38 40 0;
20 41 26 41 0;
34 41 39 41 0;
19 42 25 42 0;
35 42 40 42 0;
19 43 25 43 0;
35 43 41 43 0;
20 44 24 44 0;
36 44 41 44 0;
37 45 40 45 0;
