061 Poliwhirl;
2;
18 5 22 5 0;
17 6 0;
19 6 20 6 0;
22 6 23 6 0;
35 6 40 6 0;
16 7 0;
18 7 19 7 0;
21 7 0;
23 7 24 7 0;
34 7 0;
40 7 41 7 0;
16 8 0;
18 8 21 8 0;
23 8 25 8 0;
33 8 0;
35 8 38 8 0;
41 8 42 8 0;
16 9 0;
18 9 21 9 0;
23 9 25 9 0;
32 9 0;
34 9 37 9 0;
39 9 0;
42 9 43 9 0;
17 10 0;
19 10 20 10 0;
22 10 28 10 0;
32 10 0;
34 10 39 10 0;
42 10 43 10 0;
17 11 18 11 0;
21 11 32 11 0;
34 11 39 11 0;
42 11 43 11 0;
18 12 21 12 0;
23 12 33 12 0;
35 12 38 12 0;
41 12 43 12 0;
17 13 26 13 0;
28 13 34 13 0;
40 13 42 13 0;
16 14 21 14 0;
26 14 41 14 0;
15 15 19 15 0;
28 15 40 15 0;
14 16 17 16 0;
30 16 41 16 0;
13 17 16 17 0;
20 17 26 17 0;
31 17 43 17 0;
12 18 15 18 0;
18 18 28 18 0;
32 18 44 18 0;
12 19 14 19 0;
17 19 20 19 0;
26 19 29 19 0;
33 19 38 19 0;
43 19 45 19 0;
11 20 13 20 0;
16 20 17 20 0;
28 20 30 20 0;
33 20 37 20 0;
44 20 46 20 0;
11 21 13 21 0;
15 21 16 21 0;
20 21 24 21 0;
29 21 31 21 0;
34 21 38 21 0;
41 21 44 21 0;
47 21 0;
10 22 12 22 0;
15 22 0;
18 22 26 22 0;
30 22 31 22 0;
35 22 36 22 0;
39 22 40 22 0;
44 22 0;
48 22 0;
10 23 12 23 0;
14 23 0;
17 23 22 23 0;
24 23 27 23 0;
30 23 32 23 0;
35 23 0;
39 23 0;
45 23 0;
49 23 0;
9 24 11 24 0;
14 24 0;
16 24 19 24 0;
25 24 28 24 0;
31 24 32 24 0;
35 24 0;
39 24 0;
45 24 0;
49 24 0;
9 25 11 25 0;
13 25 0;
16 25 18 25 0;
26 25 28 25 0;
31 25 33 25 0;
35 25 0;
49 25 0;
9 26 11 26 0;
13 26 0;
15 26 17 26 0;
20 26 22 26 0;
27 26 29 26 0;
32 26 33 26 0;
35 26 0;
49 26 0;
9 27 11 27 0;
15 27 16 27 0;
19 27 20 27 0;
23 27 0;
27 27 29 27 0;
32 27 33 27 0;
35 27 0;
48 27 0;
9 28 11 28 0;
13 28 0;
15 28 16 28 0;
19 28 21 28 0;
26 28 29 28 0;
31 28 33 28 0;
35 28 36 28 0;
47 28 48 28 0;
9 29 11 29 0;
15 29 17 29 0;
20 29 28 29 0;
31 29 32 29 0;
35 29 0;
37 29 0;
45 29 47 29 0;
9 30 12 30 0;
16 30 17 30 0;
21 30 27 30 0;
30 30 32 30 0;
34 30 35 30 0;
37 30 48 30 0;
10 31 12 31 0;
16 31 18 31 0;
22 31 25 31 0;
29 31 31 31 0;
34 31 35 31 0;
37 31 48 31 0;
8 32 13 32 0;
17 32 19 32 0;
27 32 30 32 0;
33 32 36 32 0;
38 32 48 32 0;
7 33 0;
11 33 14 33 0;
18 33 29 33 0;
33 33 36 33 0;
38 33 48 33 0;
6 34 7 34 0;
12 34 15 34 0;
19 34 27 34 0;
32 34 37 34 0;
39 34 47 34 0;
5 35 0;
7 35 0;
11 35 0;
13 35 17 35 0;
21 35 25 35 0;
31 35 46 35 0;
5 36 0;
8 36 9 36 0;
12 36 0;
14 36 19 36 0;
30 36 44 36 0;
5 37 0;
13 37 0;
15 37 22 37 0;
27 37 40 37 0;
6 38 0;
14 38 16 38 0;
20 38 39 38 0;
6 39 0;
15 39 0;
20 39 37 39 0;
7 40 8 40 0;
14 40 0;
20 40 35 40 0;
9 41 13 41 0;
18 41 24 41 0;
30 41 34 41 0;
14 42 24 42 0;
30 42 36 42 0;
12 43 23 43 0;
30 43 38 43 0;
11 44 13 44 0;
16 44 23 44 0;
30 44 42 44 0;
10 45 12 45 0;
15 45 22 45 0;
31 45 43 45 0;
10 46 22 46 0;
31 46 40 46 0;
43 46 44 46 0;
10 47 12 47 0;
14 47 21 47 0;
32 47 41 47 0;
44 47 45 47 0;
11 48 20 48 0;
33 48 42 48 0;
44 48 45 48 0;
12 49 18 49 0;
34 49 45 49 0;
36 50 43 50 0;
