062 Poliwrath;
2;
16 2 22 2 0;
46 2 47 2 0;
15 3 23 3 0;
35 3 39 3 0;
45 3 0;
47 3 48 3 0;
14 4 24 4 0;
34 4 41 4 0;
44 4 0;
47 4 0;
49 4 0;
14 5 0;
17 5 24 5 0;
33 5 42 5 0;
44 5 0;
47 5 0;
50 5 0;
13 6 0;
18 6 19 6 0;
21 6 25 6 0;
32 6 38 6 0;
41 6 43 6 0;
47 6 0;
50 6 51 6 0;
13 7 0;
17 7 19 7 0;
22 7 25 7 0;
32 7 35 7 0;
37 7 38 7 0;
42 7 43 7 0;
46 7 0;
50 7 0;
52 7 0;
13 8 0;
17 8 19 8 0;
23 8 25 8 0;
29 8 34 8 0;
36 8 38 8 0;
42 8 43 8 0;
46 8 0;
49 8 0;
52 8 0;
13 9 14 9 0;
17 9 18 9 0;
24 9 34 9 0;
36 9 38 9 0;
42 9 43 9 0;
46 9 0;
49 9 0;
52 9 0;
13 10 15 10 0;
24 10 35 10 0;
37 10 0;
41 10 43 10 0;
49 10 0;
52 10 0;
12 11 16 11 0;
23 11 29 11 0;
31 11 32 11 0;
34 11 36 11 0;
40 11 43 11 0;
49 11 0;
52 11 0;
11 12 18 12 0;
21 12 43 12 0;
52 12 0;
11 13 43 13 0;
52 13 0;
10 14 30 14 0;
37 14 42 14 0;
52 14 0;
10 15 28 15 0;
39 15 41 15 0;
51 15 0;
9 16 27 16 0;
31 16 36 16 0;
40 16 0;
51 16 0;
9 17 26 17 0;
30 17 0;
33 17 39 17 0;
51 17 0;
8 18 37 18 0;
50 18 0;
8 19 37 19 0;
50 19 0;
8 20 37 20 0;
49 20 0;
7 21 38 21 0;
48 21 0;
7 22 38 22 0;
47 22 0;
7 23 38 23 0;
44 23 47 23 0;
7 24 39 24 0;
42 24 43 24 0;
45 24 47 24 0;
7 25 16 25 0;
18 25 41 25 0;
45 25 47 25 0;
7 26 17 26 0;
19 26 37 26 0;
41 26 0;
45 26 47 26 0;
7 27 18 27 0;
21 27 35 27 0;
38 27 0;
41 27 0;
45 27 50 27 0;
7 28 20 28 0;
23 28 28 28 0;
32 28 33 28 0;
38 28 0;
41 28 0;
45 28 47 28 0;
51 28 0;
7 29 22 29 0;
25 29 0;
28 29 0;
37 29 38 29 0;
41 29 0;
45 29 47 29 0;
52 29 53 29 0;
8 30 23 30 0;
25 30 0;
29 30 0;
36 30 37 30 0;
40 30 0;
44 30 47 30 0;
52 30 0;
54 30 0;
8 31 24 31 0;
26 31 0;
30 31 35 31 0;
40 31 0;
44 31 46 31 0;
48 31 0;
51 31 52 31 0;
54 31 0;
8 32 24 32 0;
26 32 0;
39 32 0;
44 32 46 32 0;
49 32 50 32 0;
54 32 0;
9 33 25 33 0;
27 33 0;
38 33 0;
43 33 46 33 0;
54 33 0;
9 34 25 34 0;
28 34 29 34 0;
36 34 37 34 0;
43 34 46 34 0;
54 34 0;
9 35 26 35 0;
30 35 35 35 0;
42 35 47 35 0;
53 35 0;
10 36 26 36 0;
40 36 48 36 0;
52 36 0;
11 37 28 37 0;
38 37 51 37 0;
12 38 30 38 0;
36 38 48 38 0;
13 39 48 39 0;
13 40 47 40 0;
12 41 24 41 0;
36 41 47 41 0;
12 42 24 42 0;
37 42 46 42 0;
11 43 24 43 0;
38 43 45 43 0;
11 44 23 44 0;
37 44 44 44 0;
10 45 22 45 0;
36 45 44 45 0;
9 46 21 46 0;
36 46 44 46 0;
8 47 19 47 0;
36 47 45 47 0;
7 48 18 48 0;
38 48 46 48 0;
6 49 17 49 0;
39 49 46 49 0;
5 50 17 50 0;
41 50 46 50 0;
4 51 17 51 0;
4 52 16 52 0;
4 53 15 53 0;
5 54 12 54 0;
