063 Abra;
5;
20 11 21 11 0;
37 11 38 11 0;
19 12 0;
22 12 0;
35 12 36 12 0;
39 12 0;
16 13 0;
19 13 0;
23 13 24 13 0;
33 13 34 13 0;
37 13 39 13 0;
16 14 17 14 0;
20 14 0;
25 14 32 14 0;
36 14 0;
39 14 0;
16 15 0;
18 15 0;
20 15 0;
35 15 0;
39 15 0;
15 16 0;
18 16 0;
21 16 0;
36 16 37 16 0;
39 16 0;
14 17 0;
18 17 0;
21 17 0;
38 17 39 17 0;
14 18 0;
17 18 0;
20 18 0;
39 18 0;
13 19 0;
17 19 0;
19 19 0;
40 19 0;
13 20 0;
16 20 0;
18 20 0;
40 20 0;
12 21 0;
16 21 0;
18 21 0;
33 21 34 21 0;
41 21 0;
12 22 0;
16 22 0;
18 22 0;
23 22 0;
32 22 0;
41 22 0;
12 23 0;
16 23 0;
19 23 0;
24 23 0;
31 23 0;
41 23 42 23 0;
12 24 0;
17 24 20 24 0;
25 24 0;
30 24 0;
40 24 0;
43 24 0;
13 25 0;
17 25 0;
20 25 21 25 0;
25 25 0;
30 25 0;
38 25 39 25 0;
44 25 0;
13 26 0;
16 26 0;
21 26 22 26 0;
36 26 38 26 0;
45 26 0;
13 27 0;
16 27 0;
21 27 23 27 0;
33 27 37 27 0;
45 27 0;
14 28 0;
17 28 0;
22 28 24 28 0;
31 28 36 28 0;
43 28 44 28 0;
14 29 0;
18 29 24 29 0;
26 29 0;
28 29 0;
30 29 35 29 0;
41 29 42 29 0;
15 30 0;
17 30 0;
22 30 25 30 0;
29 30 42 30 0;
16 31 0;
21 31 0;
23 31 33 31 0;
36 31 38 31 0;
41 31 42 31 0;
12 32 14 32 0;
16 32 18 32 0;
21 32 23 32 0;
29 32 33 32 0;
36 32 38 32 0;
41 32 0;
43 32 0;
12 33 0;
15 33 16 33 0;
19 33 0;
24 33 25 33 0;
32 33 33 33 0;
37 33 0;
41 33 0;
44 33 0;
12 34 0;
16 34 0;
20 34 0;
26 34 0;
33 34 0;
37 34 0;
41 34 0;
44 34 0;
13 35 0;
16 35 0;
20 35 0;
27 35 0;
33 35 0;
37 35 0;
41 35 0;
45 35 0;
13 36 0;
16 36 0;
20 36 0;
25 36 0;
28 36 0;
33 36 34 36 0;
45 36 0;
13 37 0;
20 37 0;
23 37 0;
26 37 27 37 0;
30 37 34 37 0;
42 37 0;
45 37 0;
14 38 0;
20 38 21 38 0;
24 38 0;
27 38 30 38 0;
32 38 35 38 0;
42 38 0;
45 38 0;
14 39 0;
20 39 26 39 0;
33 39 35 39 0;
42 39 0;
45 39 0;
14 40 0;
20 40 21 40 0;
32 40 35 40 0;
42 40 0;
44 40 45 40 0;
14 41 0;
19 41 0;
21 41 0;
32 41 35 41 0;
43 41 0;
14 42 0;
19 42 0;
21 42 22 42 0;
31 42 35 42 0;
42 42 0;
44 42 0;
14 43 15 43 0;
19 43 0;
21 43 24 43 0;
29 43 35 43 0;
37 43 39 43 0;
42 43 43 43 0;
13 44 0;
16 44 0;
18 44 0;
20 44 21 44 0;
23 44 32 44 0;
34 44 36 44 0;
40 44 42 44 0;
13 45 0;
16 45 0;
18 45 0;
35 45 36 45 0;
40 45 41 45 0;
14 46 17 46 0;
36 46 0;
39 46 0;
37 47 38 47 0;
