064 Kadabra;
5;
8 3 10 3 0;
7 4 0;
11 4 0;
7 5 0;
11 5 0;
6 6 0;
12 6 0;
19 6 20 6 0;
40 6 41 6 0;
6 7 0;
12 7 0;
19 7 0;
21 7 0;
39 7 0;
41 7 0;
6 8 0;
12 8 0;
19 8 0;
22 8 0;
37 8 38 8 0;
41 8 0;
6 9 0;
12 9 0;
20 9 0;
23 9 0;
35 9 36 9 0;
40 9 0;
7 10 0;
11 10 0;
20 10 0;
24 10 25 10 0;
33 10 34 10 0;
39 10 0;
7 11 0;
11 11 12 11 0;
21 11 0;
26 11 27 11 0;
31 11 32 11 0;
38 11 0;
8 12 0;
10 12 0;
13 12 0;
21 12 0;
28 12 30 12 0;
37 12 38 12 0;
8 13 10 13 0;
13 13 0;
19 13 21 13 0;
36 13 0;
38 13 0;
7 14 0;
11 14 12 14 0;
18 14 0;
22 14 0;
36 14 0;
38 14 0;
6 15 0;
12 15 0;
16 15 17 15 0;
22 15 0;
36 15 0;
38 15 0;
6 16 0;
13 16 0;
15 16 0;
17 16 0;
22 16 0;
39 16 42 16 0;
44 16 0;
6 17 0;
9 17 10 17 0;
13 17 0;
15 17 0;
18 17 0;
21 17 22 17 0;
35 17 36 17 0;
39 17 0;
43 17 0;
45 17 0;
47 17 0;
7 18 0;
10 18 12 18 0;
14 18 0;
16 18 0;
21 18 0;
23 18 0;
34 18 35 18 0;
40 18 0;
43 18 0;
46 18 0;
48 18 0;
7 19 10 19 0;
12 19 0;
14 19 0;
20 19 0;
23 19 0;
33 19 34 19 0;
41 19 42 19 0;
45 19 0;
48 19 0;
6 20 0;
11 20 12 20 0;
15 20 16 20 0;
19 20 0;
23 20 24 20 0;
32 20 0;
34 20 0;
41 20 0;
44 20 0;
47 20 0;
6 21 0;
12 21 0;
17 21 19 21 0;
23 21 0;
25 21 0;
30 21 31 21 0;
34 21 0;
41 21 0;
45 21 46 21 0;
6 22 0;
8 22 9 22 0;
12 22 0;
20 22 0;
23 22 0;
25 22 26 22 0;
29 22 0;
31 22 0;
34 22 0;
40 22 0;
44 22 0;
7 23 8 23 0;
10 23 11 23 0;
13 23 0;
17 23 0;
20 23 21 23 0;
24 23 0;
26 23 0;
29 23 0;
33 23 0;
38 23 39 23 0;
43 23 0;
8 24 0;
10 24 0;
14 24 0;
16 24 0;
19 24 20 24 0;
22 24 23 24 0;
25 24 26 24 0;
29 24 32 24 0;
35 24 37 24 0;
42 24 0;
44 24 0;
8 25 0;
11 25 12 25 0;
15 25 0;
19 25 0;
23 25 24 25 0;
26 25 0;
29 25 0;
33 25 34 25 0;
38 25 0;
40 25 41 25 0;
44 25 0;
8 26 0;
11 26 0;
13 26 0;
16 26 0;
18 26 0;
22 26 0;
25 26 0;
29 26 0;
32 26 34 26 0;
39 26 0;
42 26 0;
45 26 0;
9 27 10 27 0;
12 27 0;
14 27 0;
17 27 0;
21 27 0;
24 27 25 27 0;
31 27 32 27 0;
35 27 0;
38 27 0;
42 27 0;
45 27 0;
12 28 0;
17 28 0;
20 28 0;
23 28 0;
25 28 0;
30 28 0;
33 28 0;
36 28 37 28 0;
43 28 0;
46 28 0;
13 29 0;
16 29 0;
20 29 0;
22 29 23 29 0;
25 29 0;
30 29 0;
34 29 0;
37 29 0;
43 29 0;
46 29 0;
14 30 15 30 0;
19 30 0;
22 30 0;
24 30 0;
26 30 0;
29 30 0;
34 30 0;
37 30 0;
44 30 46 30 0;
19 31 0;
21 31 0;
23 31 32 31 0;
35 31 0;
38 31 0;
42 31 43 31 0;
47 31 0;
19 32 0;
21 32 0;
25 32 0;
35 32 38 32 0;
40 32 41 32 0;
47 32 0;
19 33 20 33 0;
25 33 0;
35 33 0;
38 33 39 33 0;
46 33 0;
26 34 0;
32 34 34 34 0;
40 34 0;
44 34 45 34 0;
25 35 26 35 0;
31 35 0;
41 35 43 35 0;
24 36 0;
27 36 0;
29 36 31 36 0;
40 36 41 36 0;
45 36 49 36 0;
23 37 0;
27 37 28 37 0;
31 37 33 37 0;
40 37 0;
43 37 44 37 0;
50 37 0;
22 38 0;
27 38 0;
30 38 0;
34 38 0;
39 38 0;
42 38 0;
47 38 51 38 0;
21 39 0;
26 39 0;
33 39 0;
38 39 39 39 0;
41 39 0;
46 39 0;
51 39 0;
21 40 0;
25 40 0;
33 40 0;
37 40 0;
40 40 0;
46 40 0;
20 41 0;
22 41 24 41 0;
26 41 28 41 0;
32 41 36 41 0;
40 41 0;
45 41 0;
20 42 0;
25 42 0;
29 42 0;
31 42 33 42 0;
40 42 0;
45 42 0;
20 43 0;
24 43 0;
30 43 0;
32 43 0;
39 43 0;
41 43 0;
46 43 0;
21 44 0;
23 44 0;
30 44 0;
33 44 0;
39 44 0;
42 44 0;
46 44 0;
22 45 0;
29 45 0;
33 45 0;
37 45 38 45 0;
41 45 0;
47 45 0;
22 46 0;
29 46 0;
32 46 0;
34 46 37 46 0;
39 46 40 46 0;
47 46 0;
21 47 0;
28 47 0;
31 47 0;
35 47 38 47 0;
46 47 0;
19 48 20 48 0;
24 48 0;
29 48 30 48 0;
37 48 39 48 0;
44 48 45 48 0;
18 49 0;
20 49 23 49 0;
25 49 28 49 0;
30 49 0;
40 49 43 49 0;
18 50 20 50 0;
23 50 25 50 0;
29 50 30 50 0;
