065 Alakazam;
5;
30 0 34 0 0;
40 0 41 0 0;
18 1 21 1 0;
28 1 29 1 0;
35 1 36 1 0;
39 1 0;
42 1 0;
12 2 13 2 0;
17 2 0;
22 2 0;
27 2 0;
33 2 34 2 0;
37 2 38 2 0;
42 2 0;
9 3 11 3 0;
14 3 0;
16 3 0;
23 3 0;
26 3 0;
32 3 0;
35 3 36 3 0;
38 3 0;
42 3 0;
44 3 46 3 0;
12 4 0;
14 4 15 4 0;
23 4 0;
26 4 0;
32 4 0;
34 4 38 4 0;
42 4 43 4 0;
47 4 0;
12 5 13 5 0;
23 5 0;
26 5 0;
31 5 0;
33 5 0;
37 5 38 5 0;
42 5 43 5 0;
47 5 0;
5 6 7 6 0;
12 6 0;
14 6 16 6 0;
21 6 22 6 0;
27 6 0;
31 6 0;
33 6 0;
39 6 41 6 0;
43 6 0;
47 6 49 6 0;
4 7 0;
7 7 0;
12 7 13 7 0;
17 7 20 7 0;
28 7 30 7 0;
34 7 36 7 0;
42 7 43 7 0;
47 7 0;
50 7 0;
4 8 0;
12 8 13 8 0;
19 8 0;
36 8 37 8 0;
43 8 0;
46 8 0;
48 8 49 8 0;
2 9 4 9 0;
9 9 0;
12 9 0;
18 9 0;
20 9 0;
35 9 0;
38 9 41 9 0;
44 9 45 9 0;
48 9 0;
1 10 0;
5 10 0;
9 10 11 10 0;
14 10 17 10 0;
21 10 22 10 0;
33 10 34 10 0;
41 10 43 10 0;
49 10 0;
2 11 8 11 0;
10 11 0;
12 11 14 11 0;
23 11 24 11 0;
30 11 32 11 0;
42 11 0;
49 11 0;
6 12 0;
9 12 0;
13 12 0;
15 12 0;
23 12 29 12 0;
41 12 42 12 0;
50 12 0;
6 13 0;
13 13 0;
15 13 0;
22 13 0;
40 13 43 13 0;
51 13 0;
5 14 0;
13 14 0;
16 14 0;
39 14 0;
43 14 0;
52 14 0;
4 15 0;
12 15 16 15 0;
38 15 0;
44 15 0;
53 15 0;
4 16 0;
11 16 12 16 0;
17 16 0;
40 16 43 16 0;
45 16 0;
53 16 0;
3 17 0;
11 17 0;
17 17 0;
37 17 39 17 0;
44 17 46 17 0;
52 17 0;
3 18 0;
10 18 11 18 0;
18 18 0;
34 18 0;
37 18 0;
45 18 0;
47 18 48 18 0;
51 18 52 18 0;
4 19 0;
9 19 0;
11 19 0;
18 19 0;
34 19 0;
37 19 0;
44 19 0;
49 19 50 19 0;
52 19 0;
5 20 8 20 0;
12 20 0;
17 20 0;
19 20 0;
33 20 34 20 0;
38 20 0;
44 20 0;
50 20 51 20 0;
8 21 10 21 0;
13 21 0;
16 21 17 21 0;
19 21 0;
32 21 33 21 0;
38 21 0;
44 21 0;
47 21 49 21 0;
11 22 12 22 0;
14 22 15 22 0;
17 22 0;
19 22 20 22 0;
31 22 32 22 0;
39 22 0;
45 22 46 22 0;
13 23 14 23 0;
16 23 0;
19 23 21 23 0;
30 23 32 23 0;
39 23 0;
44 23 0;
15 24 0;
19 24 0;
21 24 23 24 0;
29 24 30 24 0;
32 24 0;
40 24 0;
43 24 0;
14 25 0;
19 25 0;
22 25 23 25 0;
27 25 29 25 0;
32 25 0;
40 25 0;
42 25 0;
14 26 0;
22 26 0;
24 26 0;
27 26 0;
29 26 0;
32 26 0;
39 26 0;
41 26 0;
15 27 16 27 0;
20 27 21 27 0;
24 27 0;
27 27 0;
31 27 0;
36 27 38 27 0;
41 27 0;
17 28 19 28 0;
22 28 24 28 0;
27 28 30 28 0;
34 28 35 28 0;
41 28 0;
18 29 0;
20 29 0;
24 29 0;
27 29 0;
32 29 33 29 0;
40 29 0;
18 30 0;
21 30 0;
31 30 0;
35 30 36 30 0;
40 30 0;
14 31 18 31 0;
21 31 0;
31 31 0;
33 31 34 31 0;
37 31 39 31 0;
12 32 13 32 0;
19 32 22 32 0;
30 32 0;
32 32 0;
40 32 41 32 0;
4 33 0;
10 33 11 33 0;
22 33 0;
30 33 31 33 0;
42 33 0;
50 33 0;
4 34 0;
9 34 0;
22 34 0;
30 34 0;
43 34 0;
49 34 0;
51 34 0;
3 35 0;
5 35 0;
9 35 0;
19 35 22 35 0;
24 35 0;
26 35 0;
29 35 33 35 0;
44 35 45 35 0;
49 35 0;
51 35 52 35 0;
3 36 0;
6 36 8 36 0;
17 36 18 36 0;
22 36 0;
24 36 0;
26 36 0;
29 36 0;
34 36 37 36 0;
46 36 48 36 0;
53 36 0;
3 37 0;
16 37 0;
23 37 0;
28 37 0;
35 37 0;
38 37 0;
54 37 0;
4 38 0;
24 38 27 38 0;
33 38 34 38 0;
38 38 0;
53 38 0;
5 39 6 39 0;
14 39 0;
23 39 24 39 0;
26 39 0;
31 39 32 39 0;
35 39 0;
39 39 0;
52 39 53 39 0;
4 40 0;
13 40 0;
21 40 22 40 0;
24 40 0;
27 40 31 40 0;
36 40 38 40 0;
40 40 0;
54 40 0;
5 41 6 41 0;
10 41 15 41 0;
18 41 19 41 0;
24 41 0;
35 41 0;
39 41 41 41 0;
53 41 0;
7 42 9 42 0;
12 42 0;
16 42 17 42 0;
25 42 0;
34 42 0;
42 42 43 42 0;
49 42 52 42 0;
11 43 0;
18 43 0;
22 43 25 43 0;
33 43 37 43 0;
41 43 48 43 0;
11 44 0;
18 44 0;
20 44 21 44 0;
26 44 0;
33 44 0;
38 44 40 44 0;
44 44 0;
11 45 12 45 0;
16 45 19 45 0;
27 45 0;
32 45 0;
39 45 0;
45 45 0;
11 46 0;
13 46 15 46 0;
18 46 0;
28 46 0;
32 46 0;
39 46 40 46 0;
44 46 46 46 0;
10 47 0;
19 47 0;
29 47 31 47 0;
38 47 0;
41 47 43 47 0;
46 47 0;
10 48 0;
19 48 0;
38 48 0;
46 48 0;
9 49 0;
19 49 20 49 0;
38 49 0;
47 49 0;
8 50 9 50 0;
12 50 13 50 0;
19 50 0;
21 50 0;
38 50 0;
47 50 0;
7 51 0;
10 51 11 51 0;
14 51 0;
19 51 20 51 0;
37 51 0;
46 51 47 51 0;
6 52 0;
10 52 0;
14 52 0;
17 52 18 52 0;
37 52 0;
40 52 42 52 0;
48 52 0;
6 53 0;
8 53 10 53 0;
13 53 16 53 0;
38 53 39 53 0;
42 53 45 53 0;
49 53 0;
7 54 0;
11 54 12 54 0;
39 54 0;
42 54 0;
46 54 49 54 0;
40 55 41 55 0;
