066 Machop;
3;
25 9 27 9 0;
29 9 30 9 0;
32 9 0;
24 10 0;
28 10 0;
31 10 0;
33 10 0;
24 11 0;
29 11 0;
31 11 0;
34 11 0;
24 12 26 12 0;
29 12 0;
32 12 0;
34 12 0;
22 13 23 13 0;
27 13 0;
30 13 0;
32 13 0;
34 13 35 13 0;
21 14 0;
28 14 0;
30 14 0;
32 14 0;
34 14 0;
36 14 0;
39 14 42 14 0;
20 15 0;
29 15 0;
31 15 0;
33 15 0;
37 15 38 15 0;
43 15 0;
20 16 0;
25 16 27 16 0;
30 16 32 16 0;
35 16 38 16 0;
44 16 0;
19 17 0;
24 17 0;
28 17 0;
31 17 0;
34 17 0;
38 17 0;
44 17 0;
19 18 0;
24 18 26 18 0;
28 18 0;
34 18 36 18 0;
38 18 39 18 0;
44 18 0;
19 19 0;
24 19 0;
26 19 0;
28 19 0;
34 19 0;
36 19 0;
38 19 0;
40 19 42 19 0;
44 19 0;
19 20 0;
25 20 27 20 0;
35 20 37 20 0;
39 20 0;
45 20 0;
19 21 0;
40 21 0;
45 21 0;
20 22 0;
40 22 0;
45 22 0;
16 23 20 23 0;
40 23 41 23 0;
46 23 0;
14 24 15 24 0;
21 24 0;
26 24 0;
31 24 35 24 0;
38 24 39 24 0;
41 24 0;
46 24 0;
13 25 0;
22 25 0;
27 25 30 25 0;
36 25 38 25 0;
40 25 0;
46 25 0;
12 26 0;
23 26 0;
37 26 0;
46 26 0;
12 27 0;
24 27 25 27 0;
35 27 36 27 0;
46 27 0;
12 28 0;
26 28 34 28 0;
45 28 0;
11 29 0;
21 29 0;
45 29 0;
11 30 0;
20 30 0;
44 30 0;
10 31 0;
18 31 20 31 0;
37 31 0;
43 31 0;
9 32 0;
16 32 17 32 0;
20 32 0;
22 32 0;
24 32 28 32 0;
33 32 35 32 0;
37 32 0;
42 32 0;
8 33 0;
13 33 0;
15 33 0;
20 33 0;
37 33 0;
40 33 41 33 0;
8 34 0;
14 34 0;
20 34 0;
22 34 0;
24 34 28 34 0;
33 34 35 34 0;
38 34 39 34 0;
9 35 0;
14 35 0;
19 35 0;
38 35 0;
10 36 13 36 0;
19 36 0;
23 36 24 36 0;
26 36 27 36 0;
34 36 0;
36 36 0;
38 36 0;
15 37 18 37 0;
38 37 0;
10 38 14 38 0;
18 38 0;
38 38 0;
9 39 0;
18 39 0;
39 39 0;
10 40 12 40 0;
18 40 0;
26 40 30 40 0;
39 40 0;
13 41 14 41 0;
18 41 0;
25 41 0;
31 41 32 41 0;
40 41 0;
15 42 18 42 0;
25 42 30 42 0;
33 42 0;
40 42 0;
19 43 0;
26 43 0;
34 43 0;
41 43 0;
20 44 21 44 0;
26 44 0;
35 44 0;
42 44 43 44 0;
22 45 0;
25 45 0;
36 45 0;
44 45 0;
22 46 0;
25 46 0;
37 46 38 46 0;
44 46 0;
23 47 24 47 0;
39 47 43 47 0;
