067 Machoke;
3;
22 2 26 2 0;
20 3 21 3 0;
23 3 0;
27 3 29 3 0;
19 4 0;
21 4 0;
23 4 0;
26 4 0;
30 4 0;
18 5 0;
20 5 21 5 0;
23 5 0;
26 5 0;
29 5 31 5 0;
18 6 0;
20 6 0;
22 6 0;
25 6 0;
28 6 0;
32 6 33 6 0;
17 7 18 7 0;
20 7 0;
22 7 0;
24 7 0;
27 7 0;
34 7 0;
16 8 0;
19 8 20 8 0;
22 8 0;
24 8 0;
26 8 0;
35 8 0;
38 8 43 8 0;
16 9 0;
20 9 0;
22 9 23 9 0;
25 9 0;
28 9 30 9 0;
35 9 37 9 0;
44 9 45 9 0;
16 10 18 10 0;
21 10 0;
23 10 24 10 0;
27 10 0;
31 10 0;
36 10 0;
46 10 0;
15 11 0;
19 11 0;
21 11 0;
23 11 0;
26 11 0;
32 11 0;
36 11 0;
47 11 0;
15 12 17 12 0;
19 12 0;
22 12 23 12 0;
26 12 28 12 0;
32 12 0;
36 12 0;
48 12 0;
15 13 16 13 0;
18 13 19 13 0;
26 13 27 13 0;
29 13 0;
31 13 0;
34 13 0;
37 13 0;
49 13 0;
14 14 0;
16 14 19 14 0;
26 14 30 14 0;
34 14 0;
37 14 0;
49 14 0;
11 15 13 15 0;
17 15 18 15 0;
27 15 28 15 0;
33 15 34 15 0;
37 15 0;
50 15 0;
9 16 10 16 0;
13 16 0;
32 16 34 16 0;
37 16 0;
50 16 0;
8 17 0;
13 17 0;
31 17 33 17 0;
36 17 37 17 0;
51 17 0;
7 18 0;
14 18 0;
24 18 32 18 0;
36 18 37 18 0;
51 18 0;
6 19 0;
15 19 23 19 0;
35 19 37 19 0;
52 19 0;
5 20 0;
16 20 18 20 0;
33 20 37 20 0;
52 20 0;
5 21 0;
17 21 19 21 0;
31 21 33 21 0;
37 21 38 21 0;
52 21 0;
4 22 0;
17 22 32 22 0;
36 22 39 22 0;
53 22 0;
4 23 0;
18 23 20 23 0;
29 23 31 23 0;
35 23 0;
39 23 40 23 0;
53 23 0;
4 24 0;
18 24 19 24 0;
30 24 0;
34 24 0;
40 24 42 24 0;
53 24 0;
4 25 0;
18 25 0;
33 25 0;
35 25 0;
40 25 44 25 0;
52 25 0;
4 26 0;
19 26 0;
32 26 0;
41 26 42 26 0;
52 26 0;
4 27 0;
20 27 0;
22 27 27 27 0;
32 27 0;
41 27 0;
51 27 0;
5 28 0;
21 28 0;
28 28 31 28 0;
40 28 0;
50 28 0;
6 29 0;
39 29 0;
49 29 0;
7 30 0;
34 30 38 30 0;
48 30 0;
8 31 0;
33 31 0;
47 31 0;
9 32 10 32 0;
32 32 0;
45 32 46 32 0;
11 33 12 33 0;
32 33 0;
43 33 44 33 0;
13 34 14 34 0;
29 34 31 34 0;
41 34 42 34 0;
15 35 16 35 0;
26 35 28 35 0;
31 35 0;
40 35 43 35 0;
16 36 18 36 0;
24 36 25 36 0;
31 36 0;
39 36 40 36 0;
44 36 45 36 0;
17 37 24 37 0;
32 37 0;
38 37 39 37 0;
46 37 0;
16 38 0;
20 38 22 38 0;
32 38 38 38 0;
47 38 0;
16 39 19 39 0;
23 39 0;
33 39 34 39 0;
37 39 38 39 0;
48 39 0;
15 40 0;
20 40 21 40 0;
24 40 25 40 0;
32 40 0;
35 40 37 40 0;
42 40 0;
48 40 0;
15 41 0;
22 41 23 41 0;
26 41 31 41 0;
33 41 36 41 0;
41 41 0;
49 41 0;
14 42 0;
24 42 25 42 0;
32 42 36 42 0;
40 42 0;
49 42 0;
9 43 12 43 0;
14 43 0;
25 43 35 43 0;
39 43 0;
49 43 0;
8 44 0;
13 44 14 44 0;
26 44 39 44 0;
48 44 0;
8 45 0;
13 45 0;
26 45 31 45 0;
39 45 0;
48 45 0;
7 46 0;
13 46 0;
25 46 0;
39 46 0;
47 46 0;
6 47 0;
24 47 0;
38 47 0;
46 47 0;
5 48 0;
23 48 0;
37 48 0;
42 48 46 48 0;
4 49 0;
11 49 0;
22 49 0;
36 49 0;
47 49 48 49 0;
3 50 0;
12 50 0;
20 50 21 50 0;
36 50 0;
49 50 0;
4 51 0;
11 51 13 51 0;
18 51 19 51 0;
36 51 0;
49 51 0;
5 52 10 52 0;
14 52 17 52 0;
37 52 48 52 0;
