068 Machamp;
3;
15 0 20 0 0;
9 1 14 1 0;
21 1 0;
7 2 8 2 0;
22 2 0;
5 3 6 3 0;
21 3 0;
23 3 0;
3 4 4 4 0;
15 4 0;
20 4 0;
23 4 0;
2 5 0;
16 5 19 5 0;
24 5 0;
42 5 43 5 0;
1 6 0;
16 6 17 6 0;
24 6 0;
41 6 0;
44 6 0;
1 7 0;
15 7 0;
18 7 0;
22 7 24 7 0;
40 7 0;
45 7 0;
47 7 49 7 0;
1 8 0;
15 8 0;
18 8 21 8 0;
24 8 0;
40 8 0;
46 8 0;
50 8 0;
1 9 0;
14 9 16 9 0;
19 9 0;
23 9 0;
40 9 0;
46 9 0;
51 9 0;
1 10 0;
7 10 0;
13 10 0;
16 10 17 10 0;
20 10 22 10 0;
40 10 0;
46 10 0;
51 10 53 10 0;
2 11 0;
9 11 13 11 0;
18 11 20 11 0;
39 11 0;
41 11 0;
47 11 0;
52 11 0;
54 11 0;
2 12 0;
14 12 15 12 0;
20 12 21 12 0;
39 12 0;
41 12 0;
47 12 0;
52 12 0;
3 13 0;
16 13 17 13 0;
19 13 0;
22 13 0;
36 13 38 13 0;
40 13 0;
42 13 0;
47 13 48 13 0;
52 13 0;
3 14 7 14 0;
11 14 12 14 0;
18 14 0;
23 14 0;
35 14 0;
42 14 0;
47 14 48 14 0;
51 14 0;
2 15 0;
8 15 9 15 0;
11 15 0;
13 15 0;
16 15 17 15 0;
24 15 0;
26 15 31 15 0;
35 15 0;
43 15 0;
47 15 50 15 0;
1 16 0;
10 16 11 16 0;
14 16 16 16 0;
25 16 0;
32 16 34 16 0;
36 16 0;
44 16 46 16 0;
49 16 54 16 0;
1 17 0;
11 17 0;
15 17 0;
25 17 0;
30 17 31 17 0;
34 17 38 17 0;
53 17 54 17 0;
0 18 0;
7 18 11 18 0;
15 18 0;
21 18 26 18 0;
29 18 0;
34 18 0;
39 18 43 18 0;
53 18 0;
0 19 0;
12 19 0;
14 19 0;
19 19 20 19 0;
27 19 28 19 0;
33 19 0;
44 19 47 19 0;
51 19 52 19 0;
0 20 0;
12 20 14 20 0;
18 20 0;
29 20 0;
33 20 0;
46 20 50 20 0;
0 21 0;
11 21 12 21 0;
14 21 0;
17 21 0;
30 21 0;
32 21 0;
46 21 48 21 0;
0 22 0;
7 22 11 22 0;
14 22 0;
16 22 0;
30 22 0;
32 22 0;
46 22 47 22 0;
1 23 0;
10 23 11 23 0;
14 23 15 23 0;
22 23 25 23 0;
31 23 0;
45 23 46 23 0;
2 24 0;
9 24 12 24 0;
14 24 15 24 0;
21 24 0;
26 24 0;
31 24 0;
43 24 45 24 0;
3 25 0;
8 25 11 25 0;
13 25 14 25 0;
20 25 0;
27 25 0;
32 25 0;
41 25 0;
46 25 48 25 0;
2 26 0;
4 26 7 26 0;
9 26 11 26 0;
14 26 0;
20 26 22 26 0;
27 26 0;
32 26 0;
49 26 0;
2 27 0;
10 27 11 27 0;
13 27 14 27 0;
19 27 21 27 0;
23 27 0;
27 27 0;
32 27 0;
50 27 0;
2 28 0;
11 28 0;
13 28 14 28 0;
19 28 26 28 0;
32 28 0;
51 28 0;
3 29 0;
10 29 0;
12 29 13 29 0;
20 29 22 29 0;
32 29 0;
51 29 0;
3 30 0;
10 30 0;
32 30 0;
52 30 0;
4 31 0;
10 31 0;
31 31 32 31 0;
39 31 0;
52 31 0;
5 32 0;
10 32 0;
28 32 32 32 0;
40 32 0;
53 32 0;
6 33 7 33 0;
11 33 12 33 0;
23 33 29 33 0;
31 33 0;
40 33 0;
53 33 0;
8 34 10 34 0;
13 34 0;
19 34 27 34 0;
30 34 0;
41 34 0;
53 34 0;
14 35 0;
16 35 25 35 0;
28 35 29 35 0;
37 35 38 35 0;
40 35 41 35 0;
43 35 46 35 0;
53 35 0;
15 36 16 36 0;
26 36 27 36 0;
36 36 0;
39 36 42 36 0;
47 36 49 36 0;
52 36 0;
17 37 25 37 0;
36 37 0;
40 37 41 37 0;
50 37 53 37 0;
16 38 0;
20 38 0;
23 38 24 38 0;
37 38 0;
54 38 0;
15 39 0;
20 39 0;
23 39 24 39 0;
37 39 40 39 0;
54 39 0;
14 40 0;
21 40 0;
24 40 0;
36 40 0;
41 40 0;
14 41 0;
22 41 0;
25 41 0;
33 41 35 41 0;
51 41 54 41 0;
13 42 0;
23 42 36 42 0;
50 42 0;
13 43 0;
23 43 41 43 0;
44 43 45 43 0;
49 43 0;
13 44 0;
24 44 0;
26 44 0;
28 44 0;
30 44 35 44 0;
38 44 0;
42 44 43 44 0;
49 44 0;
13 45 0;
24 45 33 45 0;
38 45 0;
42 45 0;
48 45 0;
14 46 0;
24 46 31 46 0;
39 46 0;
41 46 0;
48 46 0;
14 47 0;
23 47 24 47 0;
26 47 29 47 0;
39 47 0;
41 47 0;
47 47 0;
15 48 0;
21 48 23 48 0;
26 48 0;
30 48 0;
39 48 41 48 0;
46 48 0;
16 49 22 49 0;
25 49 0;
31 49 32 49 0;
38 49 40 49 0;
42 49 45 49 0;
18 50 21 50 0;
23 50 24 50 0;
33 50 41 50 0;
19 51 22 51 0;
35 51 41 51 0;
20 52 21 52 0;
36 52 41 52 0;
37 53 40 53 0;
