069 Bellsprout;
1;
25 9 30 9 0;
24 10 0;
31 10 0;
23 11 0;
32 11 0;
22 12 0;
33 12 0;
22 13 0;
33 13 0;
21 14 0;
34 14 0;
21 15 0;
34 15 0;
21 16 0;
23 16 24 16 0;
29 16 30 16 0;
34 16 0;
21 17 22 17 0;
24 17 25 17 0;
28 17 0;
30 17 31 17 0;
34 17 0;
21 18 25 18 0;
28 18 31 18 0;
35 18 0;
21 19 0;
23 19 24 19 0;
29 19 30 19 0;
33 19 0;
35 19 0;
22 20 0;
33 20 0;
35 20 0;
22 21 0;
24 21 27 21 0;
32 21 0;
35 21 0;
22 22 23 22 0;
28 22 0;
32 22 0;
34 22 0;
22 23 0;
31 23 0;
34 23 0;
19 24 22 24 0;
24 24 26 24 0;
30 24 0;
33 24 0;
17 25 18 25 0;
21 25 0;
23 25 0;
27 25 0;
29 25 0;
33 25 0;
16 26 0;
22 26 0;
28 26 0;
32 26 0;
15 27 0;
18 27 20 27 0;
22 27 0;
24 27 26 27 0;
28 27 0;
31 27 32 27 0;
14 28 0;
16 28 0;
21 28 0;
23 28 0;
27 28 0;
30 28 31 28 0;
13 29 0;
22 29 0;
24 29 26 29 0;
29 29 31 29 0;
13 30 0;
15 30 16 30 0;
23 30 24 30 0;
27 30 30 30 0;
13 31 14 31 0;
17 31 18 31 0;
25 31 32 31 0;
13 32 0;
19 32 21 32 0;
26 32 30 32 0;
33 32 0;
22 33 30 33 0;
33 33 0;
25 34 29 34 0;
31 34 0;
34 34 0;
17 35 19 35 0;
25 35 26 35 0;
29 35 0;
31 35 0;
34 35 0;
16 36 0;
20 36 21 36 0;
24 36 26 36 0;
28 36 0;
32 36 0;
35 36 0;
15 37 0;
22 37 23 37 0;
26 37 0;
28 37 0;
32 37 0;
36 37 37 37 0;
15 38 0;
26 38 0;
28 38 0;
33 38 0;
38 38 39 38 0;
14 39 0;
16 39 0;
26 39 0;
29 39 0;
34 39 35 39 0;
40 39 41 39 0;
13 40 0;
17 40 0;
27 40 0;
30 40 0;
36 40 0;
38 40 0;
42 40 43 40 0;
12 41 0;
27 41 0;
31 41 32 41 0;
40 41 41 41 0;
28 42 0;
33 42 39 42 0;
29 43 0;
30 44 32 44 0;
29 45 0;
33 45 34 45 0;
28 46 0;
