007 Squirtle;
2;
20 14 27 14 0;
19 15 0;
28 15 0;
18 16 0;
29 16 0;
17 17 0;
30 17 0;
17 18 0;
30 18 0;
16 19 0;
31 19 0;
16 20 0;
18 20 0;
25 20 0;
31 20 0;
16 21 0;
18 21 19 21 0;
25 21 26 21 0;
31 21 0;
16 22 0;
18 22 19 22 0;
25 22 26 22 0;
29 22 31 22 0;
16 23 0;
31 23 32 23 0;
17 24 0;
19 24 25 24 0;
30 24 0;
33 24 0;
17 25 0;
20 25 21 25 0;
24 25 0;
29 25 0;
34 25 0;
18 26 0;
21 26 23 26 0;
28 26 0;
34 26 0;
19 27 0;
27 27 29 27 0;
33 27 34 27 0;
17 28 18 28 0;
20 28 26 28 0;
30 28 33 28 0;
35 28 0;
15 29 16 29 0;
18 29 0;
23 29 0;
31 29 0;
34 29 0;
36 29 0;
14 30 0;
18 30 0;
23 30 0;
31 30 0;
34 30 36 30 0;
14 31 0;
17 31 18 31 0;
21 31 22 31 0;
24 31 25 31 0;
30 31 0;
32 31 0;
35 31 0;
37 31 0;
42 31 45 31 0;
15 32 17 32 0;
19 32 20 32 0;
23 32 0;
26 32 30 32 0;
32 32 0;
34 32 0;
37 32 0;
41 32 0;
46 32 0;
18 33 0;
23 33 0;
30 33 0;
32 33 0;
34 33 0;
37 33 0;
40 33 0;
47 33 0;
15 34 18 34 0;
23 34 0;
30 34 0;
32 34 0;
34 34 0;
37 34 0;
40 34 0;
48 34 0;
14 35 0;
18 35 0;
20 35 22 35 0;
24 35 27 35 0;
30 35 0;
32 35 0;
34 35 35 35 0;
37 35 0;
40 35 0;
43 35 45 35 0;
48 35 0;
14 36 0;
19 36 0;
23 36 0;
28 36 29 36 0;
32 36 0;
34 36 0;
36 36 0;
39 36 0;
42 36 0;
46 36 0;
48 36 0;
14 37 0;
20 37 0;
23 37 0;
30 37 0;
33 37 34 37 0;
36 37 0;
39 37 0;
42 37 0;
46 37 0;
48 37 0;
15 38 0;
20 38 0;
23 38 0;
30 38 31 38 0;
34 38 36 38 0;
39 38 0;
42 38 0;
48 38 0;
16 39 0;
20 39 0;
23 39 0;
28 39 29 39 0;
32 39 34 39 0;
36 39 0;
38 39 0;
42 39 0;
47 39 0;
17 40 19 40 0;
21 40 25 40 0;
27 40 0;
32 40 33 40 0;
37 40 0;
43 40 46 40 0;
26 41 27 41 0;
33 41 35 41 0;
40 41 42 41 0;
27 42 0;
31 42 33 42 0;
36 42 39 42 0;
27 43 0;
32 43 0;
27 44 0;
32 44 0;
28 45 31 45 0;
