070 Weepinbell;
1;
26 6 28 6 0;
25 7 0;
29 7 0;
24 8 0;
30 8 0;
24 9 0;
30 9 0;
24 10 0;
31 10 0;
23 11 0;
28 11 0;
31 11 0;
13 12 17 12 0;
23 12 0;
28 12 0;
31 12 0;
11 13 12 13 0;
18 13 0;
23 13 0;
25 13 26 13 0;
28 13 0;
31 13 0;
9 14 10 14 0;
19 14 0;
23 14 24 14 0;
27 14 28 14 0;
30 14 0;
8 15 0;
17 15 18 15 0;
22 15 0;
28 15 29 15 0;
7 16 0;
16 16 0;
21 16 0;
24 16 25 16 0;
29 16 0;
6 17 0;
10 17 0;
15 17 0;
20 17 0;
24 17 25 17 0;
30 17 0;
6 18 0;
9 18 0;
15 18 0;
19 18 0;
31 18 0;
5 19 0;
9 19 0;
16 19 0;
19 19 0;
32 19 0;
5 20 0;
9 20 0;
17 20 18 20 0;
22 20 23 20 0;
32 20 0;
5 21 0;
9 21 0;
18 21 0;
22 21 23 21 0;
33 21 0;
39 21 44 21 0;
5 22 0;
10 22 0;
18 22 0;
33 22 0;
37 22 38 22 0;
45 22 46 22 0;
6 23 0;
10 23 0;
18 23 0;
26 23 0;
33 23 0;
36 23 0;
47 23 0;
6 24 0;
11 24 0;
18 24 0;
33 24 0;
35 24 0;
48 24 0;
7 25 0;
12 25 0;
17 25 18 25 0;
28 25 31 25 0;
34 25 0;
48 25 0;
8 26 9 26 0;
16 26 0;
19 26 0;
27 26 0;
32 26 0;
34 26 0;
49 26 0;
10 27 0;
15 27 17 27 0;
19 27 0;
26 27 0;
29 27 30 27 0;
33 27 0;
49 27 0;
11 28 12 28 0;
14 28 0;
16 28 17 28 0;
19 28 0;
26 28 0;
28 28 31 28 0;
33 28 0;
49 28 0;
13 29 14 29 0;
16 29 17 29 0;
19 29 0;
26 29 0;
28 29 31 29 0;
33 29 0;
36 29 0;
38 29 0;
40 29 41 29 0;
50 29 0;
15 30 0;
18 30 0;
26 30 0;
29 30 30 30 0;
33 30 0;
43 30 44 30 0;
50 30 0;
16 31 17 31 0;
27 31 0;
32 31 0;
45 31 0;
50 31 0;
16 32 21 32 0;
23 32 0;
25 32 0;
27 32 31 32 0;
33 32 0;
46 32 0;
50 32 0;
14 33 15 33 0;
28 33 29 33 0;
32 33 34 33 0;
40 33 43 33 0;
47 33 0;
50 33 0;
12 34 13 34 0;
30 34 35 34 0;
38 34 39 34 0;
44 34 45 34 0;
47 34 0;
50 34 0;
11 35 0;
32 35 37 35 0;
46 35 0;
48 35 0;
50 35 0;
10 36 0;
17 36 26 36 0;
33 36 35 36 0;
47 36 49 36 0;
10 37 0;
15 37 19 37 0;
27 37 28 37 0;
34 37 35 37 0;
48 37 49 37 0;
9 38 0;
14 38 17 38 0;
29 38 0;
34 38 35 38 0;
48 38 0;
9 39 0;
13 39 16 39 0;
30 39 0;
35 39 0;
47 39 0;
9 40 0;
13 40 16 40 0;
30 40 0;
35 40 0;
10 41 0;
14 41 17 41 0;
29 41 0;
34 41 0;
10 42 0;
15 42 19 42 0;
27 42 28 42 0;
34 42 0;
11 43 0;
17 43 26 43 0;
33 43 0;
12 44 0;
31 44 32 44 0;
13 45 14 45 0;
29 45 30 45 0;
15 46 17 46 0;
26 46 28 46 0;
18 47 25 47 0;
