071 Victreebel;
1;
27 0 32 0 0;
17 1 19 1 0;
25 1 26 1 0;
33 1 34 1 0;
16 2 0;
20 2 21 2 0;
24 2 0;
35 2 0;
38 2 40 2 0;
15 3 18 3 0;
22 3 23 3 0;
28 3 0;
36 3 37 3 0;
41 3 0;
14 4 0;
19 4 0;
23 4 0;
34 4 35 4 0;
38 4 42 4 0;
13 5 0;
23 5 0;
27 5 0;
33 5 0;
36 5 37 5 0;
42 5 43 5 0;
12 6 0;
14 6 18 6 0;
24 6 0;
32 6 0;
34 6 35 6 0;
44 6 0;
12 7 13 7 0;
19 7 24 7 0;
31 7 0;
33 7 0;
44 7 0;
11 8 12 8 0;
17 8 18 8 0;
24 8 0;
30 8 0;
32 8 0;
38 8 0;
45 8 0;
10 9 11 9 0;
16 9 0;
20 9 24 9 0;
29 9 0;
45 9 0;
9 10 10 10 0;
15 10 0;
19 10 0;
22 10 24 10 0;
28 10 0;
46 10 0;
8 11 10 11 0;
15 11 0;
18 11 19 11 0;
23 11 24 11 0;
34 11 0;
46 11 0;
7 12 0;
9 12 10 12 0;
14 12 0;
18 12 21 12 0;
24 12 0;
46 12 0;
6 13 0;
9 13 10 13 0;
14 13 0;
18 13 24 13 0;
41 13 43 13 0;
46 13 0;
6 14 0;
9 14 10 14 0;
14 14 0;
19 14 24 14 0;
36 14 40 14 0;
44 14 45 14 0;
5 15 0;
8 15 0;
10 15 0;
15 15 0;
20 15 24 15 0;
27 15 35 15 0;
38 15 0;
5 16 0;
8 16 0;
11 16 0;
15 16 0;
21 16 24 16 0;
26 16 29 16 0;
32 16 36 16 0;
39 16 0;
4 17 0;
8 17 0;
11 17 0;
16 17 0;
22 17 30 17 0;
34 17 36 17 0;
39 17 0;
42 17 45 17 0;
4 18 0;
8 18 0;
12 18 0;
16 18 17 18 0;
24 18 31 18 0;
35 18 0;
39 18 0;
44 18 0;
46 18 47 18 0;
4 19 0;
8 19 0;
12 19 0;
15 19 0;
18 19 0;
26 19 31 19 0;
34 19 0;
39 19 0;
45 19 0;
48 19 0;
4 20 0;
8 20 0;
12 20 0;
15 20 0;
18 20 20 20 0;
29 20 33 20 0;
38 20 0;
46 20 0;
49 20 0;
4 21 0;
9 21 0;
13 21 0;
15 21 0;
18 21 0;
21 21 22 21 0;
37 21 0;
46 21 0;
50 21 0;
5 22 0;
9 22 0;
13 22 0;
15 22 0;
18 22 0;
21 22 0;
23 22 25 22 0;
35 22 36 22 0;
46 22 0;
50 22 0;
5 23 0;
10 23 0;
13 23 14 23 0;
16 23 0;
20 23 0;
24 23 0;
26 23 34 23 0;
47 23 0;
51 23 0;
6 24 0;
11 24 0;
13 24 0;
17 24 19 24 0;
24 24 0;
27 24 0;
31 24 0;
47 24 0;
51 24 0;
6 25 0;
12 25 13 25 0;
24 25 0;
27 25 0;
31 25 0;
47 25 0;
51 25 0;
7 26 0;
13 26 0;
25 26 0;
30 26 0;
47 26 0;
51 26 52 26 0;
8 27 0;
13 27 0;
26 27 29 27 0;
47 27 0;
53 27 0;
9 28 10 28 0;
13 28 0;
16 28 0;
29 28 0;
47 28 0;
53 28 0;
11 29 13 29 0;
29 29 36 29 0;
46 29 0;
50 29 0;
53 29 0;
13 30 0;
22 30 0;
28 30 0;
37 30 38 30 0;
46 30 0;
50 30 0;
53 30 0;
13 31 0;
16 31 0;
28 31 0;
39 31 0;
46 31 0;
53 31 0;
13 32 0;
16 32 0;
22 32 0;
28 32 0;
40 32 0;
45 32 0;
49 32 0;
53 32 0;
13 33 0;
16 33 0;
22 33 0;
28 33 0;
41 33 42 33 0;
44 33 0;
48 33 0;
52 33 0;
13 34 0;
16 34 0;
22 34 0;
28 34 0;
43 34 0;
48 34 0;
52 34 0;
14 35 0;
16 35 0;
22 35 0;
28 35 0;
31 35 34 35 0;
43 35 44 35 0;
47 35 0;
51 35 0;
14 36 0;
22 36 0;
28 36 0;
35 36 46 36 0;
51 36 0;
14 37 0;
17 37 0;
22 37 0;
28 37 0;
44 37 50 37 0;
14 38 15 38 0;
28 38 32 38 0;
41 38 43 38 0;
14 39 15 39 0;
23 39 0;
28 39 0;
33 39 40 39 0;
14 40 16 40 0;
18 40 0;
28 40 0;
13 41 15 41 0;
17 41 0;
24 41 0;
28 41 0;
12 42 14 42 0;
18 42 19 42 0;
28 42 0;
11 43 13 43 0;
19 43 0;
27 43 28 43 0;
10 44 12 44 0;
20 44 21 44 0;
26 44 28 44 0;
9 45 11 45 0;
22 45 28 45 0;
8 46 10 46 0;
23 46 27 46 0;
8 47 10 47 0;
25 47 26 47 0;
29 47 34 47 0;
7 48 9 48 0;
28 48 0;
35 48 37 48 0;
7 49 9 49 0;
24 49 28 49 0;
38 49 40 49 0;
7 50 9 50 0;
20 50 28 50 0;
41 50 43 50 0;
7 51 11 51 0;
15 51 28 51 0;
38 51 40 51 0;
8 52 24 52 0;
28 52 0;
35 52 37 52 0;
9 53 19 53 0;
29 53 34 53 0;
11 54 14 54 0;
