072 Tentacool;
2;
24 11 30 11 0;
22 12 23 12 0;
30 12 32 12 0;
19 13 21 13 0;
30 13 34 13 0;
18 14 21 14 0;
29 14 35 14 0;
18 15 22 15 0;
28 15 0;
31 15 36 15 0;
17 16 0;
20 16 22 16 0;
28 16 0;
31 16 37 16 0;
17 17 0;
20 17 22 17 0;
28 17 30 17 0;
32 17 37 17 0;
17 18 19 18 0;
21 18 22 18 0;
29 18 38 18 0;
16 19 22 19 0;
29 19 38 19 0;
16 20 20 20 0;
22 20 0;
30 20 39 20 0;
15 21 19 21 0;
21 21 0;
31 21 38 21 0;
40 21 0;
15 22 0;
17 22 20 22 0;
32 22 36 22 0;
38 22 0;
40 22 0;
15 23 0;
18 23 19 23 0;
33 23 35 23 0;
37 23 0;
40 23 0;
15 24 0;
34 24 36 24 0;
40 24 0;
16 25 0;
24 25 26 25 0;
28 25 0;
40 25 0;
16 26 0;
21 26 0;
23 26 0;
25 26 27 26 0;
29 26 0;
32 26 0;
39 26 0;
43 26 44 26 0;
17 27 0;
20 27 0;
23 27 27 27 0;
29 27 0;
33 27 0;
39 27 0;
42 27 0;
45 27 0;
17 28 0;
23 28 27 28 0;
38 28 0;
41 28 0;
45 28 0;
17 29 0;
24 29 26 29 0;
38 29 0;
41 29 0;
44 29 0;
9 30 11 30 0;
17 30 0;
38 30 0;
41 30 0;
44 30 0;
8 31 0;
12 31 0;
14 31 17 31 0;
25 31 26 31 0;
37 31 41 31 0;
45 31 0;
8 32 0;
13 32 0;
18 32 0;
24 32 0;
27 32 0;
36 32 0;
42 32 0;
45 32 0;
9 33 10 33 0;
13 33 0;
19 33 22 33 0;
29 33 32 33 0;
34 33 35 33 0;
42 33 0;
45 33 0;
11 34 0;
13 34 0;
19 34 0;
23 34 0;
28 34 0;
33 34 0;
35 34 0;
41 34 42 34 0;
45 34 0;
11 35 0;
13 35 15 35 0;
19 35 0;
24 35 0;
27 35 0;
33 35 0;
35 35 0;
40 35 0;
42 35 0;
45 35 0;
11 36 0;
14 36 0;
16 36 0;
20 36 0;
22 36 0;
24 36 0;
27 36 0;
29 36 0;
32 36 0;
36 36 0;
40 36 41 36 0;
44 36 0;
12 37 0;
14 37 0;
17 37 20 37 0;
22 37 0;
24 37 0;
27 37 0;
29 37 0;
31 37 36 37 0;
38 37 41 37 0;
44 37 0;
12 38 0;
15 38 17 38 0;
21 38 23 38 0;
25 38 26 38 0;
28 38 30 38 0;
35 38 36 38 0;
38 38 0;
41 38 0;
43 38 0;
13 39 0;
17 39 18 39 0;
25 39 26 39 0;
35 39 36 39 0;
38 39 39 39 0;
43 39 0;
14 40 15 40 0;
19 40 22 40 0;
25 40 0;
30 40 31 40 0;
34 40 0;
36 40 37 40 0;
39 40 0;
42 40 0;
16 41 19 41 0;
23 41 0;
25 41 0;
28 41 29 41 0;
32 41 33 41 0;
38 41 0;
40 41 42 41 0;
24 42 28 42 0;
