073 Tentacruel;
2;
25 4 30 4 0;
23 5 24 5 0;
31 5 33 5 0;
21 6 22 6 0;
24 6 0;
30 6 0;
34 6 35 6 0;
19 7 0;
23 7 24 7 0;
30 7 0;
36 7 37 7 0;
18 8 0;
22 8 23 8 0;
30 8 0;
38 8 0;
17 9 0;
21 9 23 9 0;
30 9 0;
35 9 0;
39 9 0;
16 10 0;
19 10 23 10 0;
30 10 31 10 0;
34 10 36 10 0;
40 10 0;
16 11 0;
18 11 22 11 0;
30 11 37 11 0;
41 11 0;
15 12 0;
18 12 22 12 0;
30 12 38 12 0;
41 12 0;
15 13 0;
17 13 21 13 0;
31 13 38 13 0;
42 13 0;
14 14 0;
17 14 22 14 0;
24 14 26 14 0;
30 14 39 14 0;
42 14 0;
14 15 0;
17 15 20 15 0;
23 15 0;
26 15 27 15 0;
29 15 0;
32 15 39 15 0;
43 15 0;
14 16 0;
16 16 19 16 0;
22 16 23 16 0;
26 16 28 16 0;
30 16 0;
32 16 40 16 0;
43 16 0;
14 17 0;
16 17 18 17 0;
21 17 22 17 0;
24 17 28 17 0;
30 17 0;
33 17 40 17 0;
43 17 44 17 0;
13 18 17 18 0;
20 18 0;
22 18 0;
25 18 28 18 0;
31 18 0;
34 18 40 18 0;
44 18 0;
12 19 0;
14 19 16 19 0;
19 19 0;
23 19 0;
26 19 27 19 0;
32 19 0;
35 19 41 19 0;
44 19 45 19 0;
10 20 11 20 0;
14 20 15 20 0;
18 20 0;
24 20 26 20 0;
33 20 0;
37 20 43 20 0;
46 20 47 20 0;
6 21 9 21 0;
13 21 0;
16 21 17 21 0;
25 21 0;
34 21 0;
39 21 41 21 0;
48 21 50 21 0;
5 22 0;
14 22 15 22 0;
25 22 0;
35 22 37 22 0;
43 22 44 22 0;
51 22 0;
5 23 0;
23 23 24 23 0;
38 23 42 23 0;
51 23 0;
6 24 0;
22 24 0;
51 24 0;
7 25 0;
16 25 17 25 0;
22 25 0;
33 25 36 25 0;
50 25 0;
8 26 9 26 0;
14 26 23 26 0;
31 26 38 26 0;
48 26 49 26 0;
10 27 11 27 0;
13 27 18 27 0;
22 27 24 27 0;
29 27 30 27 0;
34 27 40 27 0;
46 27 47 27 0;
12 28 18 28 0;
22 28 0;
24 28 28 28 0;
30 28 0;
33 28 36 28 0;
38 28 45 28 0;
17 29 0;
19 29 20 29 0;
23 29 27 29 0;
31 29 33 29 0;
35 29 0;
39 29 0;
16 30 0;
18 30 0;
21 30 22 30 0;
26 30 33 30 0;
36 30 0;
39 30 0;
15 31 0;
20 31 22 31 0;
27 31 31 31 0;
33 31 34 31 0;
37 31 0;
40 31 0;
14 32 0;
17 32 0;
20 32 25 32 0;
27 32 32 32 0;
34 32 35 32 0;
38 32 0;
41 32 0;
14 33 0;
17 33 19 33 0;
26 33 31 33 0;
36 33 0;
39 33 0;
42 33 0;
13 34 0;
18 34 0;
29 34 30 34 0;
37 34 0;
40 34 0;
43 34 0;
13 35 0;
19 35 22 35 0;
31 35 32 35 0;
37 35 0;
41 35 0;
44 35 0;
13 36 0;
23 36 25 36 0;
33 36 38 36 0;
42 36 0;
44 36 0;
7 37 9 37 0;
14 37 0;
26 37 27 37 0;
42 37 0;
45 37 0;
6 38 0;
10 38 0;
15 38 23 38 0;
28 38 29 38 0;
41 38 0;
43 38 0;
45 38 0;
6 39 0;
11 39 0;
17 39 0;
19 39 0;
21 39 0;
24 39 33 39 0;
39 39 40 39 0;
43 39 0;
46 39 0;
5 40 0;
12 40 13 40 0;
16 40 0;
19 40 0;
21 40 0;
26 40 0;
28 40 0;
31 40 32 40 0;
34 40 39 40 0;
43 40 0;
46 40 0;
5 41 0;
9 41 0;
14 41 15 41 0;
18 41 0;
21 41 0;
25 41 0;
29 41 0;
32 41 0;
34 41 0;
37 41 0;
39 41 0;
42 41 0;
46 41 0;
6 42 0;
9 42 10 42 0;
17 42 18 42 0;
21 42 0;
25 42 0;
29 42 0;
32 42 0;
35 42 0;
37 42 0;
39 42 0;
42 42 0;
46 42 0;
7 43 8 43 0;
11 43 12 43 0;
16 43 0;
18 43 0;
21 43 0;
25 43 0;
29 43 0;
32 43 0;
35 43 0;
38 43 0;
40 43 0;
42 43 0;
46 43 0;
13 44 15 44 0;
18 44 0;
22 44 0;
25 44 0;
29 44 0;
32 44 0;
35 44 0;
38 44 0;
40 44 0;
42 44 0;
46 44 0;
15 45 0;
17 45 0;
22 45 0;
25 45 0;
29 45 0;
32 45 0;
35 45 0;
37 45 0;
39 45 0;
41 45 0;
43 45 0;
46 45 0;
15 46 0;
17 46 0;
22 46 0;
25 46 0;
29 46 0;
32 46 0;
35 46 0;
37 46 0;
39 46 0;
41 46 0;
44 46 45 46 0;
15 47 0;
17 47 0;
23 47 0;
25 47 0;
29 47 0;
31 47 0;
35 47 0;
37 47 0;
39 47 0;
41 47 0;
16 48 0;
23 48 0;
25 48 0;
29 48 0;
31 48 0;
34 48 0;
37 48 0;
40 48 0;
23 49 0;
25 49 0;
30 49 0;
34 49 0;
36 49 0;
24 50 0;
35 50 0;
