074 Geodude;
7;
22 12 24 12 0;
16 13 18 13 0;
20 13 21 13 0;
25 13 0;
13 14 15 14 0;
19 14 0;
25 14 0;
11 15 12 15 0;
20 15 0;
23 15 24 15 0;
10 16 0;
16 16 0;
20 16 0;
22 16 0;
10 17 0;
13 17 0;
17 17 0;
20 17 21 17 0;
9 18 0;
14 18 0;
17 18 19 18 0;
9 19 0;
14 19 16 19 0;
18 19 0;
25 19 31 19 0;
9 20 0;
12 20 13 20 0;
18 20 0;
22 20 24 20 0;
32 20 35 20 0;
10 21 0;
16 21 17 21 0;
20 21 21 21 0;
24 21 0;
34 21 0;
36 21 0;
10 22 0;
12 22 15 22 0;
19 22 0;
25 22 27 22 0;
31 22 32 22 0;
35 22 0;
37 22 0;
11 23 0;
15 23 0;
19 23 0;
24 23 0;
28 23 0;
30 23 0;
38 23 0;
11 24 0;
16 24 0;
19 24 0;
24 24 0;
28 24 0;
39 24 0;
12 25 0;
16 25 0;
20 25 0;
39 25 0;
12 26 0;
17 26 0;
19 26 0;
21 26 22 26 0;
29 26 32 26 0;
40 26 0;
13 27 0;
18 27 19 27 0;
21 27 0;
23 27 0;
28 27 0;
33 27 0;
40 27 0;
14 28 0;
19 28 0;
24 28 0;
27 28 0;
40 28 0;
15 29 0;
19 29 0;
40 29 0;
16 30 17 30 0;
19 30 0;
22 30 0;
25 30 0;
31 30 0;
40 30 0;
18 31 19 31 0;
23 31 0;
25 31 0;
27 31 0;
30 31 0;
40 31 0;
19 32 0;
23 32 24 32 0;
27 32 0;
29 32 0;
33 32 0;
41 32 0;
19 33 0;
22 33 24 33 0;
28 33 29 33 0;
32 33 0;
42 33 0;
20 34 0;
23 34 24 34 0;
28 34 29 34 0;
31 34 0;
43 34 44 34 0;
20 35 0;
28 35 30 35 0;
38 35 0;
45 35 0;
21 36 0;
31 36 0;
37 36 0;
39 36 40 36 0;
46 36 0;
22 37 0;
26 37 30 37 0;
36 37 0;
38 37 0;
41 37 42 37 0;
47 37 0;
23 38 0;
35 38 0;
37 38 0;
43 38 0;
47 38 0;
24 39 25 39 0;
33 39 34 39 0;
37 39 0;
44 39 0;
47 39 0;
26 40 32 40 0;
37 40 0;
40 40 0;
47 40 0;
37 41 0;
41 41 42 41 0;
46 41 0;
38 42 0;
42 42 45 42 0;
38 43 0;
45 43 0;
39 44 44 44 0;
