075 Graveler;
7;
41 4 42 4 0;
11 5 12 5 0;
40 5 0;
43 5 0;
10 6 0;
13 6 0;
40 6 0;
43 6 0;
47 6 49 6 0;
5 7 6 7 0;
10 7 0;
13 7 0;
39 7 0;
43 7 44 7 0;
46 7 0;
50 7 0;
4 8 0;
7 8 0;
10 8 0;
13 8 0;
39 8 0;
43 8 45 8 0;
50 8 0;
4 9 0;
7 9 10 9 0;
13 9 0;
39 9 0;
42 9 43 9 0;
45 9 0;
49 9 0;
4 10 0;
7 10 0;
10 10 0;
13 10 0;
39 10 41 10 0;
45 10 0;
48 10 0;
4 11 0;
7 11 0;
11 11 12 11 0;
28 11 30 11 0;
38 11 0;
42 11 0;
46 11 50 11 0;
4 12 0;
7 12 0;
13 12 15 12 0;
27 12 0;
31 12 0;
34 12 35 12 0;
37 12 0;
42 12 0;
45 12 0;
51 12 0;
4 13 6 13 0;
12 13 0;
16 13 0;
25 13 27 13 0;
31 13 33 13 0;
36 13 37 13 0;
42 13 0;
45 13 0;
51 13 0;
5 14 0;
12 14 0;
16 14 0;
20 14 21 14 0;
24 14 0;
31 14 0;
33 14 0;
37 14 38 14 0;
41 14 43 14 0;
45 14 0;
50 14 0;
6 15 0;
13 15 15 15 0;
19 15 0;
22 15 0;
24 15 0;
37 15 42 15 0;
44 15 50 15 0;
6 16 0;
13 16 0;
19 16 0;
23 16 0;
30 16 32 16 0;
38 16 0;
40 16 42 16 0;
47 16 49 16 0;
6 17 9 17 0;
12 17 13 17 0;
18 17 0;
29 17 0;
33 17 0;
39 17 0;
41 17 42 17 0;
50 17 0;
5 18 0;
8 18 0;
10 18 12 18 0;
18 18 0;
28 18 0;
34 18 0;
40 18 0;
42 18 0;
50 18 0;
5 19 0;
8 19 0;
12 19 0;
18 19 0;
24 19 25 19 0;
28 19 0;
33 19 34 19 0;
39 19 0;
41 19 43 19 0;
49 19 50 19 0;
6 20 7 20 0;
12 20 13 20 0;
17 20 0;
19 20 0;
23 20 0;
26 20 0;
32 20 0;
35 20 0;
40 20 0;
42 20 43 20 0;
47 20 50 20 0;
6 21 0;
12 21 14 21 0;
16 21 0;
22 21 23 21 0;
27 21 31 21 0;
36 21 0;
38 21 39 21 0;
41 21 0;
43 21 44 21 0;
50 21 0;
6 22 0;
9 22 18 22 0;
21 22 0;
37 22 0;
40 22 0;
42 22 46 22 0;
50 22 0;
6 23 0;
12 23 16 23 0;
18 23 0;
20 23 21 23 0;
37 23 0;
41 23 44 23 0;
47 23 0;
50 23 0;
7 24 0;
12 24 15 24 0;
17 24 0;
37 24 0;
42 24 44 24 0;
47 24 0;
49 24 0;
7 25 0;
11 25 16 25 0;
21 25 0;
36 25 37 25 0;
41 25 43 25 0;
45 25 48 25 0;
8 26 14 26 0;
17 26 0;
23 26 0;
35 26 0;
38 26 0;
41 26 0;
43 26 44 26 0;
47 26 49 26 0;
9 27 14 27 0;
23 27 0;
39 27 0;
44 27 50 27 0;
10 28 15 28 0;
17 28 0;
39 28 0;
45 28 50 28 0;
12 29 14 29 0;
17 29 0;
28 29 0;
38 29 39 29 0;
43 29 50 29 0;
14 30 0;
38 30 0;
42 30 0;
46 30 50 30 0;
14 31 0;
21 31 23 31 0;
27 31 0;
35 31 37 31 0;
42 31 0;
46 31 50 31 0;
14 32 0;
16 32 0;
22 32 0;
24 32 0;
27 32 0;
33 32 34 32 0;
38 32 0;
44 32 0;
46 32 50 32 0;
14 33 16 33 0;
21 33 0;
25 33 0;
27 33 28 33 0;
31 33 32 33 0;
38 33 0;
45 33 0;
47 33 50 33 0;
13 34 17 34 0;
21 34 0;
25 34 26 34 0;
28 34 30 34 0;
32 34 0;
38 34 0;
44 34 0;
46 34 50 34 0;
12 35 17 35 0;
22 35 0;
37 35 0;
45 35 0;
47 35 50 35 0;
11 36 17 36 0;
23 36 26 36 0;
31 36 36 36 0;
44 36 0;
46 36 49 36 0;
11 37 18 37 0;
44 37 49 37 0;
10 38 18 38 0;
25 38 0;
37 38 0;
42 38 0;
46 38 49 38 0;
9 39 0;
13 39 19 39 0;
26 39 36 39 0;
45 39 48 39 0;
9 40 0;
15 40 19 40 0;
28 40 29 40 0;
36 40 0;
45 40 48 40 0;
10 41 11 41 0;
16 41 20 41 0;
30 41 35 41 0;
42 41 0;
44 41 47 41 0;
12 42 0;
17 42 0;
20 42 21 42 0;
24 42 0;
40 42 0;
42 42 48 42 0;
6 43 11 43 0;
16 43 0;
18 43 0;
22 43 0;
24 43 0;
33 43 0;
35 43 0;
38 43 42 43 0;
46 43 48 43 0;
5 44 6 44 0;
18 44 0;
23 44 26 44 0;
28 44 0;
34 44 0;
36 44 0;
38 44 0;
40 44 42 44 0;
46 44 47 44 0;
5 45 0;
18 45 19 45 0;
25 45 27 45 0;
29 45 0;
31 45 0;
33 45 0;
35 45 40 45 0;
42 45 0;
46 45 48 45 0;
6 46 10 46 0;
17 46 0;
20 46 0;
26 46 30 46 0;
32 46 39 46 0;
42 46 0;
46 46 0;
49 46 0;
11 47 0;
15 47 17 47 0;
20 47 0;
29 47 36 47 0;
40 47 0;
43 47 0;
46 47 0;
50 47 0;
12 48 14 48 0;
17 48 19 48 0;
36 48 0;
40 48 0;
44 48 45 48 0;
50 48 0;
36 49 0;
40 49 45 49 0;
49 49 0;
37 50 39 50 0;
45 50 0;
49 50 0;
46 51 48 51 0;
