076 Golem;
7;
21 8 24 8 0;
27 8 32 8 0;
19 9 20 9 0;
25 9 26 9 0;
33 9 35 9 0;
17 10 18 10 0;
26 10 0;
36 10 0;
16 11 0;
23 11 27 11 0;
37 11 0;
15 12 0;
20 12 21 12 0;
29 12 30 12 0;
35 12 39 12 0;
14 13 15 13 0;
18 13 0;
31 13 32 13 0;
34 13 0;
40 13 0;
13 14 14 14 0;
16 14 0;
32 14 33 14 0;
41 14 0;
7 15 10 15 0;
12 15 15 15 0;
33 15 34 15 0;
42 15 0;
44 15 47 15 0;
6 16 0;
11 16 14 16 0;
34 16 44 16 0;
48 16 0;
5 17 0;
12 17 13 17 0;
34 17 0;
36 17 0;
42 17 0;
49 17 0;
5 18 0;
9 18 13 18 0;
34 18 35 18 0;
43 18 0;
49 18 0;
5 19 0;
12 19 13 19 0;
34 19 35 19 0;
43 19 0;
50 19 0;
5 20 0;
12 20 13 20 0;
34 20 0;
36 20 38 20 0;
44 20 0;
50 20 0;
5 21 0;
9 21 13 21 0;
34 21 0;
36 21 0;
44 21 45 21 0;
50 21 0;
5 22 0;
11 22 13 22 0;
33 22 34 22 0;
36 22 0;
44 22 45 22 0;
50 22 0;
5 23 6 23 0;
11 23 13 23 0;
32 23 33 23 0;
37 23 39 23 0;
43 23 46 23 0;
49 23 0;
5 24 14 24 0;
31 24 32 24 0;
37 24 0;
43 24 48 24 0;
6 25 11 25 0;
14 25 15 25 0;
20 25 31 25 0;
37 25 0;
42 25 48 25 0;
7 26 8 26 0;
15 26 19 26 0;
27 26 31 26 0;
38 26 44 26 0;
47 26 0;
8 27 0;
16 27 17 27 0;
30 27 31 27 0;
40 27 42 27 0;
44 27 47 27 0;
9 28 10 28 0;
15 28 17 28 0;
30 28 31 28 0;
44 28 46 28 0;
48 28 0;
8 29 0;
11 29 16 29 0;
31 29 32 29 0;
44 29 45 29 0;
48 29 0;
7 30 0;
14 30 16 30 0;
25 30 27 30 0;
32 30 0;
44 30 45 30 0;
48 30 0;
7 31 0;
15 31 0;
17 31 0;
24 31 0;
28 31 0;
32 31 33 31 0;
44 31 45 31 0;
48 31 0;
7 32 0;
15 32 0;
17 32 0;
23 32 0;
28 32 0;
33 32 0;
43 32 44 32 0;
47 32 48 32 0;
7 33 8 33 0;
15 33 17 33 0;
23 33 24 33 0;
28 33 0;
33 33 34 33 0;
42 33 44 33 0;
46 33 48 33 0;
7 34 9 34 0;
14 34 15 34 0;
17 34 0;
22 34 23 34 0;
25 34 0;
27 34 0;
33 34 35 34 0;
40 34 47 34 0;
8 35 16 35 0;
22 35 26 35 0;
33 35 40 35 0;
45 35 47 35 0;
8 36 9 36 0;
13 36 14 36 0;
23 36 25 36 0;
30 36 0;
33 36 39 36 0;
46 36 0;
9 37 10 37 0;
13 37 14 37 0;
28 37 29 37 0;
33 37 39 37 0;
46 37 0;
10 38 27 38 0;
33 38 0;
38 38 39 38 0;
45 38 46 38 0;
11 39 16 39 0;
18 39 24 39 0;
32 39 0;
39 39 40 39 0;
44 39 46 39 0;
12 40 17 40 0;
19 40 23 40 0;
30 40 31 40 0;
39 40 45 40 0;
12 41 13 41 0;
17 41 18 41 0;
27 41 30 41 0;
39 41 44 41 0;
11 42 0;
17 42 29 42 0;
39 42 41 42 0;
44 42 0;
11 43 0;
18 43 20 43 0;
24 43 29 43 0;
38 43 40 43 0;
45 43 0;
10 44 0;
18 44 19 44 0;
25 44 29 44 0;
38 44 39 44 0;
46 44 0;
10 45 0;
19 45 20 45 0;
24 45 30 45 0;
36 45 38 45 0;
46 45 0;
11 46 0;
13 46 15 46 0;
18 46 31 46 0;
34 46 38 46 0;
45 46 0;
9 47 11 47 0;
16 47 17 47 0;
20 47 39 47 0;
42 47 47 47 0;
6 48 8 48 0;
15 48 16 48 0;
18 48 0;
22 48 37 48 0;
39 48 41 48 0;
48 48 50 48 0;
5 49 0;
8 49 0;
12 49 0;
15 49 0;
19 49 0;
24 49 29 49 0;
38 49 0;
41 49 0;
44 49 0;
48 49 0;
51 49 0;
5 50 0;
8 50 0;
12 50 0;
15 50 0;
19 50 0;
38 50 0;
41 50 0;
44 50 0;
48 50 0;
51 50 0;
6 51 7 51 0;
9 51 11 51 0;
13 51 14 51 0;
16 51 18 51 0;
39 51 40 51 0;
42 51 43 51 0;
45 51 47 51 0;
49 51 50 51 0;
