077 Ponyta;
4;
45 6 0;
11 7 12 7 0;
16 7 18 7 0;
43 7 44 7 0;
46 7 0;
10 8 0;
13 8 15 8 0;
19 8 20 8 0;
41 8 42 8 0;
46 8 0;
9 9 0;
12 9 0;
21 9 0;
38 9 40 9 0;
45 9 0;
8 10 0;
12 10 0;
22 10 0;
37 10 0;
45 10 0;
8 11 0;
22 11 0;
36 11 0;
44 11 0;
7 12 0;
11 12 0;
23 12 0;
25 12 26 12 0;
36 12 0;
43 12 0;
7 13 0;
24 13 0;
27 13 0;
35 13 0;
42 13 0;
7 14 0;
18 14 0;
28 14 0;
35 14 0;
43 14 44 14 0;
7 15 0;
17 15 0;
19 15 0;
29 15 0;
35 15 0;
45 15 0;
7 16 0;
16 16 0;
19 16 0;
29 16 0;
34 16 0;
39 16 0;
46 16 0;
7 17 0;
16 17 0;
19 17 0;
29 17 0;
34 17 0;
47 17 0;
8 18 0;
15 18 0;
19 18 0;
34 18 0;
39 18 0;
47 18 0;
8 19 0;
14 19 0;
19 19 0;
26 19 0;
31 19 0;
40 19 0;
46 19 0;
9 20 0;
13 20 0;
20 20 0;
27 20 28 20 0;
32 20 0;
35 20 0;
40 20 0;
45 20 0;
8 21 0;
15 21 16 21 0;
32 21 0;
35 21 0;
40 21 41 21 0;
46 21 47 21 0;
8 22 0;
14 22 0;
16 22 0;
22 22 0;
33 22 0;
35 22 0;
39 22 41 22 0;
48 22 0;
8 23 0;
14 23 16 23 0;
24 23 0;
34 23 0;
36 23 0;
39 23 42 23 0;
49 23 0;
7 24 0;
14 24 15 24 0;
26 24 0;
28 24 0;
30 24 0;
36 24 42 24 0;
49 24 0;
7 25 0;
18 25 0;
32 25 33 25 0;
40 25 42 25 0;
49 25 0;
7 26 0;
17 26 0;
41 26 43 26 0;
49 26 0;
7 27 8 27 0;
12 27 0;
16 27 0;
42 27 43 27 0;
48 27 0;
7 28 0;
15 28 16 28 0;
42 28 43 28 0;
46 28 47 28 0;
8 29 0;
13 29 0;
15 29 16 29 0;
43 29 45 29 0;
9 30 12 30 0;
14 30 0;
16 30 0;
43 30 0;
16 31 0;
33 31 0;
43 31 0;
15 32 0;
33 32 0;
43 32 0;
13 33 14 33 0;
17 33 0;
26 33 0;
34 33 0;
43 33 0;
12 34 0;
17 34 0;
25 34 0;
35 34 0;
44 34 0;
11 35 0;
17 35 0;
26 35 32 35 0;
36 35 0;
44 35 0;
11 36 0;
16 36 0;
24 36 0;
30 36 31 36 0;
34 36 37 36 0;
45 36 0;
11 37 0;
16 37 0;
23 37 0;
31 37 0;
37 37 39 37 0;
45 37 0;
12 38 0;
16 38 0;
22 38 0;
32 38 0;
39 38 40 38 0;
46 38 0;
49 38 0;
13 39 14 39 0;
16 39 0;
23 39 25 39 0;
33 39 0;
39 39 41 39 0;
46 39 0;
48 39 0;
50 39 0;
15 40 0;
24 40 0;
34 40 0;
39 40 0;
42 40 0;
47 40 0;
50 40 0;
15 41 0;
22 41 23 41 0;
35 41 0;
39 41 0;
43 41 0;
50 41 0;
15 42 0;
21 42 0;
34 42 0;
39 42 0;
43 42 0;
49 42 0;
14 43 0;
19 43 25 43 0;
33 43 0;
40 43 0;
44 43 0;
48 43 0;
50 43 0;
14 44 0;
24 44 0;
32 44 0;
38 44 39 44 0;
44 44 0;
49 44 0;
13 45 0;
22 45 23 45 0;
32 45 33 45 0;
36 45 0;
39 45 0;
44 45 0;
48 45 0;
13 46 0;
20 46 21 46 0;
31 46 0;
33 46 35 46 0;
37 46 38 46 0;
44 46 0;
48 46 0;
12 47 14 47 0;
17 47 19 47 0;
31 47 35 47 0;
44 47 0;
47 47 48 47 0;
11 48 0;
13 48 17 48 0;
31 48 35 48 0;
44 48 48 48 0;
11 49 16 49 0;
31 49 33 49 0;
43 49 0;
45 49 48 49 0;
12 50 15 50 0;
43 50 47 50 0;
