078 Rapidash;
4;
29 1 33 1 0;
9 2 12 2 0;
17 2 0;
28 2 0;
34 2 35 2 0;
2 3 0;
8 3 0;
11 3 0;
13 3 14 3 0;
18 3 0;
26 3 28 3 0;
36 3 0;
3 4 0;
7 4 0;
12 4 0;
15 4 16 4 0;
21 4 22 4 0;
25 4 0;
29 4 0;
37 4 38 4 0;
3 5 0;
13 5 0;
17 5 0;
21 5 0;
23 5 25 5 0;
27 5 0;
30 5 0;
39 5 0;
52 5 0;
14 6 0;
18 6 0;
22 6 0;
26 6 0;
28 6 0;
34 6 0;
40 6 0;
44 6 45 6 0;
51 6 52 6 0;
14 7 0;
18 7 0;
23 7 0;
26 7 0;
41 7 43 7 0;
46 7 47 7 0;
50 7 51 7 0;
9 8 0;
14 8 0;
19 8 0;
24 8 0;
36 8 0;
48 8 0;
4 9 0;
9 9 0;
13 9 0;
19 9 0;
24 9 0;
26 9 27 9 0;
37 9 0;
46 9 49 9 0;
8 10 0;
10 10 0;
12 10 0;
19 10 0;
23 10 0;
25 10 0;
27 10 0;
38 10 0;
45 10 0;
3 11 0;
7 11 0;
10 11 11 11 0;
18 11 0;
21 11 22 11 0;
25 11 0;
39 11 0;
46 11 47 11 0;
6 12 0;
17 12 0;
20 12 0;
48 12 0;
5 13 0;
17 13 0;
19 13 0;
21 13 0;
34 13 0;
40 13 0;
49 13 0;
3 14 4 14 0;
13 14 0;
17 14 0;
19 14 0;
33 14 0;
41 14 0;
49 14 0;
2 15 0;
12 15 0;
17 15 0;
19 15 0;
26 15 0;
31 15 33 15 0;
42 15 0;
50 15 0;
1 16 0;
10 16 0;
17 16 0;
20 16 0;
25 16 0;
28 16 33 16 0;
43 16 0;
50 16 0;
1 17 0;
6 17 0;
9 17 10 17 0;
18 17 0;
21 17 27 17 0;
30 17 0;
32 17 33 17 0;
44 17 0;
51 17 0;
0 18 0;
8 18 9 18 0;
19 18 0;
28 18 29 18 0;
33 18 0;
52 18 0;
0 19 0;
7 19 9 19 0;
12 19 0;
19 19 0;
27 19 0;
33 19 0;
45 19 0;
52 19 0;
0 20 0;
6 20 8 20 0;
12 20 0;
19 20 0;
26 20 0;
33 20 0;
46 20 0;
52 20 0;
1 21 0;
6 21 8 21 0;
11 21 12 21 0;
18 21 0;
26 21 0;
32 21 0;
34 21 0;
47 21 0;
53 21 0;
1 22 0;
5 22 7 22 0;
10 22 11 22 0;
18 22 0;
25 22 0;
30 22 0;
34 22 0;
47 22 0;
53 22 0;
1 23 0;
5 23 7 23 0;
9 23 11 23 0;
17 23 0;
25 23 0;
28 23 0;
34 23 0;
48 23 0;
53 23 0;
1 24 0;
5 24 10 24 0;
16 24 26 24 0;
48 24 0;
52 24 0;
1 25 0;
5 25 10 25 0;
14 25 15 25 0;
48 25 0;
51 25 0;
1 26 0;
5 26 11 26 0;
13 26 0;
47 26 48 26 0;
50 26 0;
2 27 0;
6 27 12 27 0;
46 27 0;
49 27 0;
2 28 0;
6 28 11 28 0;
46 28 0;
49 28 0;
1 29 0;
3 29 0;
7 29 10 29 0;
45 29 0;
50 29 0;
1 30 0;
10 30 0;
44 30 0;
51 30 0;
2 31 0;
5 31 0;
9 31 0;
40 31 0;
43 31 44 31 0;
52 31 0;
3 32 4 32 0;
6 32 0;
9 32 0;
23 32 0;
31 32 0;
40 32 0;
42 32 45 32 0;
52 32 0;
7 33 9 33 0;
22 33 0;
40 33 41 33 0;
45 33 46 33 0;
53 33 0;
3 34 0;
9 34 0;
21 34 22 34 0;
32 34 0;
40 34 0;
44 34 48 34 0;
53 34 0;
3 35 0;
9 35 0;
20 35 32 35 0;
40 35 0;
43 35 46 35 0;
48 35 49 35 0;
54 35 0;
2 36 0;
9 36 0;
19 36 20 36 0;
27 36 0;
33 36 0;
40 36 0;
43 36 45 36 0;
50 36 51 36 0;
54 36 0;
2 37 0;
9 37 0;
17 37 19 37 0;
27 37 0;
34 37 0;
40 37 0;
43 37 44 37 0;
54 37 0;
4 38 0;
8 38 0;
16 38 17 38 0;
19 38 0;
26 38 0;
34 38 0;
41 38 0;
45 38 46 38 0;
53 38 0;
4 39 0;
8 39 0;
15 39 0;
19 39 0;
26 39 0;
35 39 0;
41 39 0;
47 39 52 39 0;
3 40 0;
5 40 0;
7 40 0;
14 40 0;
19 40 0;
25 40 0;
36 40 0;
41 40 0;
2 41 0;
6 41 7 41 0;
13 41 0;
19 41 0;
25 41 0;
36 41 0;
42 41 0;
2 42 0;
12 42 0;
19 42 0;
24 42 0;
37 42 0;
42 42 0;
3 43 0;
11 43 0;
20 43 0;
24 43 0;
30 43 0;
38 43 0;
43 43 0;
3 44 0;
11 44 0;
20 44 0;
24 44 0;
30 44 31 44 0;
39 44 0;
43 44 0;
4 45 0;
10 45 0;
17 45 18 45 0;
20 45 0;
24 45 0;
32 45 0;
37 45 38 45 0;
44 45 0;
4 46 0;
6 46 0;
10 46 0;
14 46 0;
17 46 0;
19 46 20 46 0;
24 46 0;
36 46 0;
44 46 0;
5 47 0;
10 47 0;
14 47 15 47 0;
18 47 0;
25 47 0;
37 47 38 47 0;
44 47 45 47 0;
5 48 0;
9 48 0;
15 48 0;
18 48 0;
25 48 0;
39 48 40 48 0;
46 48 0;
4 49 0;
9 49 0;
19 49 21 49 0;
25 49 0;
41 49 0;
47 49 0;
4 50 0;
9 50 0;
21 50 0;
25 50 0;
42 50 0;
47 50 48 50 0;
4 51 0;
8 51 0;
21 51 0;
25 51 0;
42 51 0;
46 51 49 51 0;
4 52 0;
8 52 0;
21 52 22 52 0;
26 52 0;
43 52 49 52 0;
4 53 8 53 0;
21 53 26 53 0;
43 53 49 53 0;
4 54 8 54 0;
21 54 26 54 0;
43 54 49 54 0;
5 55 9 55 0;
22 55 27 55 0;
44 55 48 55 0;
