079 Slowpoke;
6;
28 11 36 11 0;
13 12 0;
25 12 27 12 0;
37 12 38 12 0;
12 13 0;
14 13 16 13 0;
21 13 24 13 0;
39 13 40 13 0;
12 14 0;
17 14 20 14 0;
41 14 0;
12 15 0;
42 15 0;
13 16 0;
24 16 30 16 0;
42 16 0;
14 17 15 17 0;
21 17 23 17 0;
31 17 32 17 0;
43 17 0;
16 18 20 18 0;
33 18 0;
43 18 0;
27 19 33 19 0;
43 19 0;
24 20 26 20 0;
43 20 0;
21 21 24 21 0;
37 21 0;
43 21 0;
18 22 20 22 0;
22 22 0;
39 22 40 22 0;
42 22 0;
15 23 17 23 0;
21 23 0;
41 23 42 23 0;
14 24 0;
20 24 0;
38 24 0;
43 24 44 24 0;
13 25 0;
17 25 19 25 0;
33 25 36 25 0;
39 25 0;
45 25 0;
13 26 0;
15 26 16 26 0;
20 26 21 26 0;
32 26 0;
37 26 0;
40 26 0;
46 26 0;
12 27 0;
14 27 0;
22 27 27 27 0;
31 27 0;
38 27 0;
40 27 0;
46 27 0;
12 28 0;
14 28 0;
19 28 20 28 0;
31 28 0;
34 28 35 28 0;
38 28 0;
41 28 0;
46 28 47 28 0;
12 29 13 29 0;
17 29 19 29 0;
28 29 30 29 0;
33 29 0;
38 29 0;
41 29 0;
45 29 0;
47 29 0;
13 30 0;
16 30 0;
19 30 0;
27 30 0;
31 30 0;
33 30 0;
38 30 0;
42 30 0;
45 30 0;
47 30 0;
14 31 15 31 0;
17 31 0;
20 31 0;
26 31 0;
32 31 0;
34 31 0;
37 31 0;
42 31 45 31 0;
47 31 0;
14 32 15 32 0;
20 32 0;
26 32 0;
30 32 0;
33 32 0;
35 32 36 32 0;
42 32 0;
46 32 0;
15 33 0;
17 33 23 33 0;
26 33 0;
33 33 0;
36 33 0;
42 33 0;
14 34 16 34 0;
24 34 27 34 0;
33 34 0;
38 34 39 34 0;
41 34 0;
14 35 0;
28 35 29 35 0;
32 35 0;
40 35 42 35 0;
11 36 13 36 0;
30 36 32 36 0;
43 36 44 36 0;
10 37 0;
13 37 0;
17 37 0;
22 37 0;
33 37 0;
45 37 0;
9 38 0;
13 38 0;
34 38 0;
46 38 0;
8 39 0;
10 39 0;
14 39 0;
18 39 24 39 0;
35 39 0;
46 39 0;
8 40 0;
10 40 0;
15 40 31 40 0;
35 40 0;
44 40 46 40 0;
8 41 0;
11 41 0;
16 41 0;
19 41 20 41 0;
26 41 0;
29 41 30 41 0;
35 41 0;
43 41 0;
46 41 0;
8 42 0;
11 42 12 42 0;
15 42 0;
18 42 0;
27 42 30 42 0;
34 42 0;
36 42 0;
43 42 0;
46 42 0;
9 43 10 43 0;
13 43 15 43 0;
18 43 19 43 0;
27 43 29 43 0;
34 43 35 43 0;
37 43 43 43 0;
45 43 0;
16 44 0;
20 44 26 44 0;
33 44 0;
44 44 45 44 0;
17 45 0;
31 45 32 45 0;
18 46 20 46 0;
27 46 30 46 0;
21 47 26 47 0;
