008 Wartortle;
2;
22 5 24 5 0;
21 6 0;
24 6 0;
20 7 0;
24 7 0;
41 7 44 7 0;
20 8 0;
24 8 0;
39 8 40 8 0;
44 8 0;
19 9 0;
24 9 0;
37 9 38 9 0;
43 9 0;
19 10 0;
21 10 0;
24 10 0;
36 10 0;
42 10 43 10 0;
19 11 0;
21 11 0;
23 11 29 11 0;
35 11 0;
39 11 40 11 0;
42 11 0;
18 12 0;
21 12 22 12 0;
30 12 31 12 0;
34 12 0;
37 12 38 12 0;
42 12 0;
18 13 0;
20 13 0;
32 13 33 13 0;
36 13 0;
41 13 0;
18 14 19 14 0;
32 14 0;
35 14 0;
40 14 0;
18 15 0;
32 15 0;
34 15 0;
39 15 0;
18 16 19 16 0;
29 16 30 16 0;
32 16 0;
39 16 0;
17 17 0;
19 17 20 17 0;
28 17 29 17 0;
33 17 0;
38 17 0;
17 18 0;
20 18 21 18 0;
27 18 28 18 0;
34 18 0;
38 18 0;
14 19 16 19 0;
20 19 0;
22 19 0;
26 19 0;
28 19 0;
35 19 37 19 0;
12 20 13 20 0;
16 20 0;
20 20 21 20 0;
27 20 28 20 0;
32 20 0;
35 20 0;
11 21 0;
17 21 0;
21 21 0;
27 21 0;
32 21 33 21 0;
35 21 0;
41 21 44 21 0;
10 22 0;
17 22 18 22 0;
35 22 0;
39 22 41 22 0;
44 22 45 22 0;
9 23 0;
17 23 0;
19 23 0;
30 23 0;
35 23 0;
37 23 38 23 0;
46 23 0;
9 24 0;
12 24 13 24 0;
18 24 0;
20 24 21 24 0;
27 24 29 24 0;
34 24 36 24 0;
47 24 0;
9 25 0;
14 25 0;
18 25 0;
20 25 0;
22 25 27 25 0;
29 25 0;
33 25 0;
37 25 0;
47 25 0;
9 26 0;
14 26 0;
18 26 19 26 0;
21 26 28 26 0;
31 26 32 26 0;
38 26 0;
47 26 0;
10 27 0;
13 27 0;
17 27 0;
20 27 0;
30 27 0;
32 27 0;
38 27 0;
47 27 0;
11 28 12 28 0;
16 28 0;
21 28 29 28 0;
32 28 0;
39 28 0;
46 28 0;
12 29 0;
16 29 0;
22 29 0;
32 29 0;
38 29 39 29 0;
45 29 0;
11 30 0;
15 30 0;
21 30 23 30 0;
33 30 0;
37 30 0;
40 30 44 30 0;
11 31 0;
15 31 0;
20 31 0;
24 31 25 31 0;
33 31 0;
35 31 36 31 0;
40 31 0;
10 32 0;
15 32 0;
19 32 0;
26 32 27 32 0;
33 32 34 32 0;
40 32 0;
10 33 0;
15 33 19 33 0;
28 33 32 33 0;
35 33 0;
40 33 0;
9 34 0;
15 34 0;
19 34 0;
30 34 0;
35 34 0;
40 34 0;
9 35 0;
15 35 0;
19 35 0;
31 35 0;
35 35 0;
40 35 0;
9 36 0;
15 36 0;
20 36 0;
31 36 0;
35 36 0;
38 36 40 36 0;
9 37 0;
16 37 0;
21 37 0;
31 37 0;
34 37 37 37 0;
40 37 0;
10 38 0;
16 38 0;
22 38 0;
30 38 0;
33 38 0;
35 38 0;
40 38 0;
10 39 0;
17 39 0;
20 39 24 39 0;
29 39 32 39 0;
35 39 0;
39 39 41 39 0;
11 40 0;
17 40 19 40 0;
24 40 28 40 0;
35 40 0;
38 40 0;
42 40 0;
12 41 13 41 0;
18 41 19 41 0;
25 41 0;
35 41 0;
37 41 0;
43 41 0;
14 42 18 42 0;
26 42 0;
35 42 36 42 0;
44 42 0;
18 43 0;
27 43 0;
33 43 34 43 0;
36 43 0;
44 43 0;
17 44 0;
27 44 32 44 0;
37 44 38 44 0;
44 44 0;
17 45 0;
26 45 0;
39 45 43 45 0;
16 46 0;
25 46 0;
16 47 0;
24 47 0;
17 48 23 48 0;
