080 Slowbro;
6;
29 0 32 0 0;
15 1 16 1 0;
28 1 0;
33 1 0;
36 1 42 1 0;
47 1 51 1 0;
14 2 0;
17 2 0;
27 2 0;
33 2 35 2 0;
43 2 44 2 0;
46 2 0;
52 2 0;
11 3 14 3 0;
18 3 21 3 0;
27 3 0;
32 3 0;
45 3 0;
49 3 50 3 0;
53 3 0;
11 4 0;
14 4 0;
21 4 0;
27 4 0;
31 4 0;
48 4 0;
51 4 0;
53 4 0;
12 5 0;
14 5 0;
20 5 0;
28 5 30 5 0;
47 5 0;
53 5 0;
13 6 14 6 0;
21 6 0;
29 6 0;
40 6 42 6 0;
47 6 48 6 0;
53 6 0;
13 7 0;
21 7 0;
28 7 0;
39 7 0;
43 7 0;
49 7 0;
52 7 0;
7 8 8 8 0;
13 8 0;
22 8 0;
26 8 31 8 0;
38 8 0;
44 8 0;
50 8 51 8 0;
7 9 0;
9 9 0;
13 9 0;
20 9 0;
22 9 0;
24 9 25 9 0;
32 9 33 9 0;
38 9 0;
41 9 0;
44 9 0;
51 9 0;
7 10 0;
10 10 11 10 0;
13 10 0;
19 10 0;
21 10 0;
23 10 0;
34 10 35 10 0;
38 10 0;
44 10 0;
51 10 0;
7 11 0;
12 11 14 11 0;
18 11 0;
21 11 24 11 0;
30 11 31 11 0;
36 11 37 11 0;
39 11 0;
43 11 0;
52 11 0;
8 12 0;
11 12 0;
16 12 17 12 0;
21 12 0;
25 12 0;
30 12 0;
38 12 42 12 0;
52 12 0;
8 13 0;
11 13 0;
17 13 0;
21 13 0;
26 13 28 13 0;
39 13 40 13 0;
52 13 0;
9 14 0;
26 14 0;
28 14 31 14 0;
41 14 42 14 0;
52 14 0;
10 15 0;
17 15 0;
20 15 0;
26 15 34 15 0;
43 15 44 15 0;
51 15 0;
11 16 0;
13 16 0;
18 16 0;
25 16 0;
28 16 31 16 0;
35 16 36 16 0;
45 16 0;
51 16 0;
10 17 0;
12 17 0;
14 17 0;
24 17 0;
29 17 0;
31 17 32 17 0;
34 17 38 17 0;
42 17 0;
45 17 0;
51 17 0;
9 18 0;
12 18 0;
14 18 0;
20 18 22 18 0;
28 18 0;
31 18 39 18 0;
41 18 0;
45 18 0;
50 18 0;
9 19 0;
11 19 0;
15 19 18 19 0;
27 19 0;
31 19 33 19 0;
36 19 0;
40 19 0;
44 19 0;
50 19 0;
8 20 0;
11 20 0;
16 20 0;
26 20 0;
31 20 0;
35 20 0;
40 20 0;
44 20 0;
49 20 0;
8 21 0;
11 21 0;
16 21 0;
26 21 0;
31 21 0;
38 21 39 21 0;
43 21 0;
45 21 0;
48 21 0;
4 22 0;
8 22 0;
12 22 0;
28 22 0;
30 22 37 22 0;
43 22 44 22 0;
49 22 50 22 0;
3 23 0;
5 23 0;
8 23 0;
12 23 0;
16 23 0;
32 23 0;
36 23 0;
42 23 43 23 0;
51 23 0;
3 24 0;
5 24 0;
9 24 0;
13 24 0;
15 24 0;
30 24 33 24 0;
35 24 0;
37 24 0;
41 24 0;
52 24 0;
3 25 0;
6 25 0;
8 25 9 25 0;
19 25 0;
27 25 29 25 0;
34 25 0;
37 25 0;
39 25 40 25 0;
52 25 0;
3 26 0;
7 26 0;
10 26 11 26 0;
18 26 0;
20 26 0;
23 26 25 26 0;
34 26 0;
38 26 0;
53 26 0;
3 27 0;
12 27 18 27 0;
21 27 22 27 0;
33 27 0;
38 27 0;
43 27 0;
53 27 0;
4 28 0;
6 28 0;
18 28 0;
22 28 0;
32 28 0;
37 28 0;
42 28 0;
53 28 0;
4 29 0;
6 29 0;
18 29 0;
23 29 0;
32 29 0;
37 29 0;
40 29 41 29 0;
53 29 0;
5 30 0;
18 30 0;
24 30 0;
33 30 0;
36 30 0;
38 30 39 30 0;
53 30 0;
5 31 0;
24 31 0;
34 31 35 31 0;
37 31 0;
52 31 0;
5 32 0;
18 32 0;
23 32 0;
36 32 0;
52 32 0;
5 33 0;
20 33 0;
22 33 0;
35 33 36 33 0;
51 33 0;
53 33 0;
6 34 0;
30 34 31 34 0;
36 34 0;
50 34 0;
53 34 0;
5 35 0;
7 35 8 35 0;
26 35 27 35 0;
36 35 0;
48 35 49 35 0;
53 35 0;
4 36 0;
9 36 10 36 0;
20 36 23 36 0;
37 36 0;
46 36 47 36 0;
54 36 0;
3 37 4 37 0;
13 37 17 37 0;
37 37 0;
44 37 45 37 0;
54 37 0;
2 38 3 38 0;
6 38 0;
34 38 0;
38 38 43 38 0;
2 39 3 39 0;
7 39 9 39 0;
17 39 0;
22 39 0;
31 39 33 39 0;
39 39 0;
49 39 0;
1 40 0;
3 40 0;
7 40 0;
10 40 11 40 0;
18 40 0;
21 40 0;
28 40 30 40 0;
33 40 0;
39 40 40 40 0;
51 40 0;
1 41 0;
3 41 0;
7 41 0;
12 41 13 41 0;
18 41 0;
21 41 0;
25 41 27 41 0;
33 41 0;
38 41 0;
52 41 0;
0 42 0;
3 42 0;
7 42 0;
12 42 0;
14 42 15 42 0;
17 42 0;
22 42 24 42 0;
27 42 0;
33 42 0;
37 42 0;
53 42 0;
0 43 0;
4 43 0;
8 43 0;
16 43 0;
22 43 0;
32 43 0;
36 43 0;
53 43 0;
0 44 0;
4 44 0;
9 44 0;
14 44 15 44 0;
23 44 24 44 0;
30 44 31 44 0;
35 44 38 44 0;
54 44 0;
0 45 0;
5 45 0;
10 45 13 45 0;
25 45 29 45 0;
34 45 0;
39 45 0;
54 45 0;
0 46 0;
5 46 7 46 0;
34 46 0;
39 46 0;
54 46 0;
0 47 0;
6 47 0;
8 47 10 47 0;
32 47 35 47 0;
39 47 0;
53 47 0;
1 48 0;
6 48 0;
9 48 0;
11 48 14 48 0;
27 48 33 48 0;
35 48 36 48 0;
39 48 0;
53 48 0;
1 49 0;
7 49 8 49 0;
11 49 0;
15 49 27 49 0;
31 49 32 49 0;
36 49 41 49 0;
52 49 0;
2 50 0;
12 50 14 50 0;
20 50 0;
23 50 0;
28 50 31 50 0;
36 50 0;
38 50 0;
42 50 0;
52 50 0;
3 51 0;
21 51 22 51 0;
27 51 0;
35 51 0;
38 51 0;
42 51 0;
51 51 0;
4 52 5 52 0;
23 52 26 52 0;
33 52 34 52 0;
39 52 0;
42 52 0;
49 52 50 52 0;
6 53 8 53 0;
19 53 22 53 0;
31 53 32 53 0;
40 53 41 53 0;
47 53 48 53 0;
9 54 18 54 0;
28 54 30 54 0;
42 54 46 54 0;
19 55 27 55 0;
