081 Magnemite;
5;
19 16 20 16 0;
18 17 0;
21 17 0;
17 18 0;
20 18 0;
17 19 0;
19 19 0;
21 19 0;
24 19 28 19 0;
18 20 0;
20 20 0;
22 20 23 20 0;
29 20 30 20 0;
35 20 36 20 0;
21 21 0;
31 21 0;
33 21 34 21 0;
37 21 0;
20 22 0;
31 22 32 22 0;
37 22 38 22 0;
20 23 0;
30 23 0;
36 23 0;
39 23 0;
19 24 0;
24 24 26 24 0;
30 24 0;
33 24 35 24 0;
39 24 0;
19 25 0;
23 25 0;
27 25 0;
30 25 0;
34 25 0;
38 25 39 25 0;
19 26 0;
22 26 0;
28 26 0;
31 26 0;
36 26 37 26 0;
19 27 0;
22 27 0;
24 27 0;
28 27 0;
32 27 35 27 0;
18 28 19 28 0;
22 28 0;
28 28 0;
33 28 0;
16 29 17 29 0;
20 29 0;
23 29 0;
27 29 0;
33 29 36 29 0;
14 30 15 30 0;
20 30 0;
24 30 26 30 0;
32 30 33 30 0;
35 30 0;
37 30 0;
14 31 0;
19 31 21 31 0;
31 31 32 31 0;
34 31 0;
36 31 37 31 0;
14 32 0;
17 32 18 32 0;
22 32 23 32 0;
29 32 30 32 0;
33 32 0;
35 32 0;
37 32 0;
15 33 16 33 0;
21 33 28 33 0;
34 33 36 33 0;
16 34 0;
19 34 20 34 0;
22 34 0;
24 34 0;
17 35 18 35 0;
21 35 0;
23 35 0;
25 35 0;
21 36 22 36 0;
24 36 25 36 0;
21 37 0;
23 37 0;
25 37 0;
22 38 24 38 0;
