082 Magneton;
5;
27 4 29 4 0;
25 5 26 5 0;
30 5 31 5 0;
24 6 0;
32 6 0;
43 6 44 6 0;
24 7 0;
26 7 30 7 0;
32 7 0;
42 7 0;
45 7 0;
11 8 0;
25 8 26 8 0;
30 8 31 8 0;
41 8 42 8 0;
46 8 0;
9 9 0;
12 9 0;
26 9 30 9 0;
40 9 41 9 0;
46 9 0;
8 10 0;
12 10 13 10 0;
24 10 25 10 0;
31 10 32 10 0;
39 10 40 10 0;
42 10 0;
45 10 0;
8 11 0;
13 11 14 11 0;
22 11 23 11 0;
33 11 34 11 0;
38 11 39 11 0;
43 11 44 11 0;
9 12 0;
14 12 15 12 0;
21 12 0;
35 12 0;
37 12 38 12 0;
43 12 0;
10 13 0;
15 13 16 13 0;
20 13 0;
26 13 29 13 0;
36 13 37 13 0;
42 13 0;
48 13 49 13 0;
6 14 7 14 0;
11 14 0;
16 14 17 14 0;
20 14 0;
25 14 0;
30 14 0;
36 14 0;
41 14 0;
47 14 0;
50 14 0;
5 15 0;
8 15 0;
12 15 0;
17 15 0;
19 15 0;
24 15 0;
31 15 0;
36 15 0;
40 15 41 15 0;
45 15 47 15 0;
51 15 0;
4 16 0;
9 16 0;
13 16 0;
18 16 0;
24 16 0;
31 16 0;
36 16 0;
39 16 41 16 0;
43 16 44 16 0;
48 16 0;
51 16 0;
4 17 0;
10 17 11 17 0;
13 17 14 17 0;
18 17 0;
24 17 0;
27 17 0;
31 17 0;
36 17 0;
40 17 42 17 0;
49 17 50 17 0;
5 18 0;
11 18 14 18 0;
18 18 0;
24 18 0;
31 18 0;
36 18 0;
47 18 48 18 0;
6 19 7 19 0;
13 19 0;
17 19 18 19 0;
25 19 0;
30 19 0;
37 19 0;
45 19 46 19 0;
8 20 9 20 0;
17 20 18 20 0;
26 20 29 20 0;
38 20 39 20 0;
42 20 44 20 0;
10 21 11 21 0;
16 21 0;
18 21 0;
20 21 22 21 0;
31 21 33 21 0;
37 21 0;
40 21 41 21 0;
12 22 15 22 0;
19 22 0;
21 22 0;
23 22 0;
30 22 0;
32 22 0;
34 22 0;
37 22 0;
9 23 0;
11 23 12 23 0;
19 23 20 23 0;
22 23 23 23 0;
30 23 31 23 0;
33 23 34 23 0;
36 23 0;
45 23 46 23 0;
8 24 0;
12 24 13 24 0;
19 24 0;
21 24 0;
23 24 0;
30 24 0;
32 24 0;
34 24 35 24 0;
44 24 0;
47 24 0;
8 25 9 25 0;
13 25 14 25 0;
20 25 22 25 0;
31 25 33 25 0;
35 25 0;
44 25 0;
48 25 0;
7 26 0;
9 26 10 26 0;
14 26 15 26 0;
22 26 23 26 0;
33 26 0;
35 26 0;
45 26 0;
49 26 0;
7 27 0;
10 27 11 27 0;
14 27 15 27 0;
24 27 26 27 0;
31 27 0;
33 27 0;
35 27 39 27 0;
44 27 0;
46 27 0;
50 27 0;
7 28 0;
11 28 12 28 0;
15 28 16 28 0;
27 28 29 28 0;
31 28 32 28 0;
35 28 0;
40 28 41 28 0;
43 28 0;
47 28 0;
50 28 0;
8 29 0;
12 29 0;
15 29 16 29 0;
27 29 0;
29 29 31 29 0;
34 29 0;
42 29 0;
46 29 0;
48 29 49 29 0;
9 30 0;
14 30 18 30 0;
26 30 0;
29 30 30 30 0;
33 30 0;
43 30 0;
45 30 0;
10 31 0;
12 31 13 31 0;
19 31 20 31 0;
26 31 0;
28 31 0;
32 31 0;
34 31 0;
44 31 0;
11 32 0;
13 32 0;
19 32 0;
21 32 0;
26 32 27 32 0;
30 32 31 32 0;
34 32 0;
45 32 0;
10 33 0;
16 33 0;
22 33 0;
28 33 29 33 0;
32 33 33 33 0;
45 33 0;
10 34 0;
12 34 0;
20 34 0;
22 34 0;
29 34 0;
38 34 41 34 0;
46 34 0;
9 35 0;
21 35 0;
23 35 0;
25 35 26 35 0;
28 35 0;
37 35 0;
42 35 0;
46 35 0;
9 36 0;
13 36 0;
19 36 0;
22 36 0;
24 36 0;
27 36 28 36 0;
36 36 0;
43 36 0;
46 36 0;
9 37 0;
15 37 0;
17 37 0;
20 37 0;
28 37 0;
36 37 0;
39 37 0;
43 37 0;
46 37 0;
9 38 0;
20 38 0;
22 38 0;
24 38 0;
27 38 28 38 0;
36 38 0;
43 38 0;
46 38 0;
9 39 0;
20 39 21 39 0;
23 39 0;
25 39 26 39 0;
29 39 0;
31 39 33 39 0;
36 39 0;
43 39 0;
45 39 0;
10 40 0;
12 40 13 40 0;
20 40 22 40 0;
29 40 30 40 0;
32 40 0;
34 40 0;
37 40 0;
42 40 0;
45 40 0;
10 41 0;
15 41 0;
22 41 0;
30 41 31 41 0;
33 41 34 41 0;
38 41 41 41 0;
44 41 46 41 0;
9 42 0;
16 42 0;
21 42 0;
30 42 0;
32 42 0;
34 42 0;
42 42 43 42 0;
47 42 48 42 0;
9 43 0;
12 43 13 43 0;
16 43 0;
19 43 20 43 0;
31 43 33 43 0;
41 43 0;
49 43 0;
8 44 0;
11 44 13 44 0;
16 44 18 44 0;
33 44 34 44 0;
40 44 0;
44 44 45 44 0;
50 44 0;
8 45 0;
11 45 12 45 0;
15 45 16 45 0;
35 45 40 45 0;
43 45 47 45 0;
49 45 51 45 0;
7 46 0;
10 46 12 46 0;
15 46 0;
40 46 0;
43 46 44 46 0;
47 46 50 46 0;
7 47 0;
10 47 11 47 0;
14 47 15 47 0;
40 47 0;
44 47 0;
48 47 49 47 0;
7 48 11 48 0;
14 48 0;
41 48 0;
45 48 0;
8 49 9 49 0;
11 49 14 49 0;
42 49 0;
44 49 46 49 0;
11 50 13 50 0;
43 50 45 50 0;
44 51 0;
