083 Farfetch'd;
3;
17 5 18 5 0;
38 5 0;
11 6 12 6 0;
16 6 0;
19 6 0;
38 6 39 6 0;
10 7 0;
13 7 0;
17 7 0;
20 7 0;
28 7 0;
33 7 0;
38 7 0;
40 7 0;
11 8 0;
14 8 0;
17 8 0;
20 8 0;
27 8 0;
29 8 0;
33 8 34 8 0;
38 8 0;
40 8 0;
43 8 44 8 0;
12 9 0;
15 9 0;
18 9 0;
21 9 0;
26 9 0;
30 9 0;
33 9 0;
35 9 0;
38 9 0;
40 9 0;
42 9 0;
45 9 0;
13 10 0;
16 10 0;
18 10 0;
21 10 0;
26 10 0;
30 10 0;
33 10 0;
35 10 0;
38 10 0;
41 10 0;
45 10 0;
6 11 7 11 0;
14 11 0;
17 11 0;
19 11 0;
22 11 0;
25 11 0;
31 11 0;
33 11 0;
36 11 0;
38 11 0;
40 11 0;
45 11 46 11 0;
5 12 0;
8 12 10 12 0;
15 12 0;
19 12 0;
23 12 25 12 0;
31 12 0;
34 12 0;
36 12 0;
38 12 39 12 0;
41 12 0;
44 12 0;
47 12 0;
5 13 6 13 0;
11 13 13 13 0;
15 13 0;
26 13 27 13 0;
32 13 0;
34 13 0;
36 13 0;
38 13 0;
42 13 0;
44 13 0;
48 13 0;
7 14 9 14 0;
14 14 15 14 0;
28 14 0;
33 14 34 14 0;
37 14 0;
43 14 0;
48 14 0;
10 15 11 15 0;
29 15 0;
34 15 0;
37 15 38 15 0;
43 15 44 15 0;
48 15 0;
12 16 0;
18 16 0;
23 16 0;
30 16 0;
34 16 0;
36 16 0;
39 16 0;
42 16 0;
45 16 0;
47 16 0;
49 16 0;
11 17 0;
18 17 0;
22 17 0;
30 17 0;
35 17 0;
40 17 0;
42 17 0;
46 17 47 17 0;
49 17 0;
11 18 0;
18 18 19 18 0;
21 18 22 18 0;
30 18 0;
34 18 0;
41 18 0;
47 18 0;
50 18 0;
10 19 0;
14 19 15 19 0;
19 19 21 19 0;
23 19 26 19 0;
31 19 0;
34 19 0;
41 19 42 19 0;
46 19 0;
48 19 0;
50 19 0;
10 20 0;
13 20 0;
16 20 0;
19 20 20 20 0;
22 20 0;
27 20 0;
31 20 0;
33 20 0;
40 20 0;
43 20 0;
46 20 0;
49 20 50 20 0;
10 21 0;
13 21 0;
15 21 17 21 0;
19 21 0;
21 21 0;
28 21 0;
31 21 0;
33 21 0;
40 21 0;
44 21 45 21 0;
50 21 0;
10 22 0;
13 22 0;
15 22 17 22 0;
21 22 24 22 0;
28 22 0;
32 22 0;
39 22 0;
45 22 0;
49 22 0;
10 23 0;
13 23 0;
15 23 0;
17 23 0;
21 23 25 23 0;
28 23 0;
32 23 0;
39 23 0;
44 23 0;
46 23 0;
49 23 0;
5 24 6 24 0;
10 24 0;
14 24 15 24 0;
17 24 21 24 0;
23 24 25 24 0;
28 24 0;
31 24 0;
44 24 0;
47 24 0;
49 24 0;
4 25 0;
7 25 8 25 0;
11 25 0;
15 25 16 25 0;
21 25 0;
23 25 25 25 0;
28 25 0;
31 25 0;
43 25 0;
49 25 0;
4 26 0;
9 26 11 26 0;
14 26 0;
22 26 24 26 0;
27 26 0;
31 26 0;
43 26 0;
48 26 0;
5 27 6 27 0;
12 27 13 27 0;
24 27 26 27 0;
30 27 0;
42 27 0;
48 27 0;
7 28 8 28 0;
13 28 0;
27 28 0;
30 28 0;
42 28 0;
48 28 0;
9 29 10 29 0;
13 29 0;
16 29 0;
18 29 0;
28 29 0;
30 29 0;
41 29 0;
47 29 0;
11 30 13 30 0;
23 30 25 30 0;
28 30 0;
30 30 0;
47 30 0;
13 31 0;
22 31 0;
27 31 0;
30 31 0;
46 31 0;
12 32 0;
20 32 26 32 0;
31 32 0;
46 32 0;
11 33 0;
19 33 0;
24 33 25 33 0;
31 33 0;
45 33 0;
10 34 0;
18 34 19 34 0;
26 34 30 34 0;
32 34 0;
39 34 47 34 0;
8 35 9 35 0;
18 35 0;
20 35 23 35 0;
31 35 38 35 0;
46 35 0;
7 36 0;
17 36 0;
19 36 0;
24 36 26 36 0;
41 36 45 36 0;
6 37 0;
16 37 0;
18 37 0;
27 37 29 37 0;
43 37 48 37 0;
6 38 0;
15 38 0;
17 38 0;
30 38 34 38 0;
49 38 0;
6 39 0;
14 39 0;
16 39 0;
35 39 37 39 0;
47 39 48 39 0;
50 39 0;
6 40 0;
12 40 13 40 0;
15 40 0;
38 40 41 40 0;
47 40 0;
50 40 0;
7 41 0;
10 41 11 41 0;
14 41 15 41 0;
40 41 0;
42 41 46 41 0;
49 41 0;
8 42 9 42 0;
12 42 13 42 0;
15 42 0;
39 42 0;
47 42 48 42 0;
16 43 0;
38 43 0;
13 44 15 44 0;
17 44 18 44 0;
36 44 37 44 0;
11 45 12 45 0;
18 45 19 45 0;
34 45 35 45 0;
38 45 40 45 0;
10 46 14 46 0;
20 46 21 46 0;
31 46 33 46 0;
41 46 43 46 0;
7 47 9 47 0;
22 47 30 47 0;
32 47 0;
36 47 38 47 0;
44 47 48 47 0;
6 48 0;
16 48 0;
24 48 0;
33 48 0;
39 48 41 48 0;
49 48 0;
7 49 9 49 0;
14 49 15 49 0;
23 49 0;
34 49 0;
42 49 0;
46 49 0;
50 49 0;
10 50 13 50 0;
15 50 16 50 0;
21 50 22 50 0;
35 50 36 50 0;
41 50 45 50 0;
47 50 49 50 0;
17 51 20 51 0;
37 51 40 51 0;
