084 Doduo;
7;
35 9 36 9 0;
33 10 34 10 0;
37 10 38 10 0;
32 11 0;
39 11 0;
31 12 33 12 0;
40 12 0;
30 13 31 13 0;
33 13 34 13 0;
38 13 39 13 0;
41 13 0;
18 14 20 14 0;
30 14 34 14 0;
37 14 0;
39 14 41 14 0;
16 15 17 15 0;
21 15 22 15 0;
30 15 0;
32 15 33 15 0;
37 15 41 15 0;
14 16 15 16 0;
23 16 24 16 0;
30 16 0;
38 16 39 16 0;
41 16 0;
13 17 0;
25 17 0;
31 17 0;
33 17 34 17 0;
41 17 0;
13 18 0;
15 18 0;
25 18 0;
27 18 29 18 0;
32 18 0;
35 18 0;
40 18 0;
12 19 0;
14 19 0;
16 19 0;
21 19 23 19 0;
26 19 0;
30 19 32 19 0;
36 19 0;
39 19 0;
12 20 0;
14 20 16 20 0;
20 20 0;
22 20 24 20 0;
26 20 0;
31 20 0;
34 20 38 20 0;
12 21 0;
14 21 16 21 0;
20 21 24 21 0;
26 21 0;
30 21 0;
33 21 35 21 0;
12 22 0;
14 22 15 22 0;
20 22 24 22 0;
26 22 0;
29 22 0;
32 22 34 22 0;
12 23 0;
21 23 23 23 0;
26 23 0;
28 23 0;
31 23 34 23 0;
13 24 0;
15 24 16 24 0;
26 24 0;
28 24 0;
30 24 0;
33 24 0;
35 24 0;
13 25 14 25 0;
17 25 0;
25 25 0;
29 25 0;
36 25 0;
14 26 0;
17 26 0;
24 26 25 26 0;
36 26 0;
13 27 0;
17 27 0;
21 27 24 27 0;
37 27 0;
13 28 0;
16 28 20 28 0;
36 28 0;
12 29 0;
15 29 0;
20 29 0;
36 29 0;
12 30 0;
14 30 0;
21 30 0;
35 30 0;
11 31 0;
14 31 0;
20 31 0;
34 31 0;
11 32 0;
13 32 0;
21 32 22 32 0;
33 32 34 32 0;
39 32 40 32 0;
10 33 0;
12 33 0;
23 33 24 33 0;
31 33 32 33 0;
37 33 38 33 0;
41 33 0;
10 34 0;
12 34 0;
24 34 25 34 0;
27 34 0;
29 34 33 34 0;
36 34 38 34 0;
42 34 43 34 0;
10 35 11 35 0;
25 35 28 35 0;
31 35 39 35 0;
41 35 0;
44 35 0;
24 36 27 36 0;
32 36 36 36 0;
38 36 39 36 0;
41 36 42 36 0;
45 36 0;
24 37 26 37 0;
34 37 35 37 0;
37 37 0;
39 37 0;
41 37 0;
43 37 0;
45 37 0;
24 38 26 38 0;
37 38 0;
39 38 0;
41 38 0;
44 38 45 38 0;
24 39 27 39 0;
38 39 0;
40 39 0;
25 40 27 40 0;
39 40 0;
25 41 28 41 0;
26 42 28 42 0;
24 43 30 43 0;
22 44 23 44 0;
25 44 0;
27 44 28 44 0;
31 44 0;
21 45 0;
24 45 0;
26 45 0;
29 45 30 45 0;
32 45 0;
22 46 23 46 0;
25 46 0;
31 46 32 46 0;
23 47 24 47 0;
