085 Dodrio;
7;
21 1 25 1 0;
20 2 0;
23 2 0;
26 2 0;
28 2 0;
19 3 0;
22 3 0;
27 3 28 3 0;
31 3 32 3 0;
11 4 14 4 0;
18 4 0;
22 4 0;
26 4 27 4 0;
30 4 32 4 0;
10 5 0;
15 5 0;
17 5 0;
25 5 26 5 0;
29 5 31 5 0;
35 5 37 5 0;
9 6 0;
11 6 0;
16 6 17 6 0;
21 6 0;
25 6 26 6 0;
29 6 0;
32 6 34 6 0;
38 6 39 6 0;
8 7 0;
11 7 0;
17 7 0;
24 7 29 7 0;
31 7 0;
37 7 0;
40 7 0;
8 8 0;
11 8 0;
17 8 0;
22 8 23 8 0;
26 8 30 8 0;
36 8 0;
41 8 0;
8 9 0;
12 9 0;
17 9 0;
21 9 0;
26 9 0;
30 9 0;
35 9 0;
41 9 0;
8 10 0;
12 10 0;
18 10 0;
20 10 0;
31 10 0;
41 10 0;
8 11 0;
13 11 0;
18 11 19 11 0;
32 11 0;
34 11 0;
41 11 0;
9 12 0;
14 12 0;
18 12 19 12 0;
33 12 0;
40 12 0;
10 13 0;
18 13 20 13 0;
33 13 0;
40 13 0;
8 14 0;
11 14 0;
14 14 0;
18 14 0;
20 14 21 14 0;
29 14 31 14 0;
33 14 0;
39 14 0;
8 15 9 15 0;
12 15 0;
14 15 0;
18 15 0;
20 15 0;
22 15 0;
28 15 0;
30 15 31 15 0;
33 15 0;
38 15 0;
9 16 10 16 0;
13 16 14 16 0;
19 16 0;
21 16 23 16 0;
27 16 30 16 0;
33 16 0;
37 16 0;
9 17 10 17 0;
14 17 15 17 0;
19 17 0;
33 17 0;
36 17 0;
10 18 11 18 0;
13 18 14 18 0;
16 18 0;
20 18 0;
23 18 25 18 0;
32 18 0;
35 18 0;
11 19 15 19 0;
17 19 0;
21 19 22 19 0;
26 19 0;
31 19 0;
34 19 0;
9 20 10 20 0;
12 20 14 20 0;
16 20 18 20 0;
21 20 22 20 0;
26 20 0;
29 20 30 20 0;
33 20 0;
8 21 0;
12 21 13 21 0;
18 21 20 21 0;
22 21 0;
26 21 28 21 0;
30 21 32 21 0;
41 21 45 21 0;
7 22 0;
12 22 0;
19 22 0;
22 22 0;
26 22 0;
32 22 0;
39 22 41 22 0;
46 22 0;
7 23 0;
12 23 0;
19 23 0;
22 23 0;
26 23 0;
33 23 0;
38 23 40 23 0;
6 24 0;
8 24 0;
20 24 0;
22 24 0;
25 24 0;
34 24 0;
36 24 40 24 0;
6 25 0;
8 25 0;
20 25 0;
22 25 0;
25 25 0;
34 25 39 25 0;
41 25 45 25 0;
6 26 0;
8 26 9 26 0;
20 26 0;
22 26 0;
24 26 0;
33 26 34 26 0;
38 26 0;
40 26 46 26 0;
6 27 0;
8 27 0;
15 27 18 27 0;
20 27 0;
22 27 0;
24 27 0;
30 27 32 27 0;
38 27 41 27 0;
44 27 0;
6 28 0;
13 28 15 28 0;
17 28 0;
20 28 0;
22 28 0;
24 28 0;
29 28 32 28 0;
39 28 0;
45 28 0;
7 29 0;
14 29 17 29 0;
20 29 0;
23 29 0;
29 29 31 29 0;
46 29 0;
7 30 0;
9 30 10 30 0;
19 30 0;
30 30 31 30 0;
46 30 0;
8 31 0;
11 31 0;
18 31 0;
31 31 0;
45 31 46 31 0;
8 32 0;
12 32 0;
16 32 18 32 0;
24 32 0;
30 32 31 32 0;
44 32 46 32 0;
7 33 0;
12 33 15 33 0;
18 33 19 33 0;
24 33 25 33 0;
30 33 31 33 0;
44 33 0;
46 33 0;
7 34 0;
12 34 0;
19 34 20 34 0;
23 34 26 34 0;
29 34 31 34 0;
35 34 36 34 0;
46 34 0;
6 35 0;
11 35 0;
19 35 32 35 0;
35 35 40 35 0;
46 35 0;
6 36 0;
10 36 0;
20 36 30 36 0;
32 36 0;
36 36 0;
38 36 39 36 0;
44 36 45 36 0;
6 37 0;
9 37 0;
22 37 29 37 0;
33 37 0;
43 37 0;
46 37 0;
5 38 0;
8 38 0;
13 38 16 38 0;
19 38 22 38 0;
24 38 28 38 0;
34 38 35 38 0;
43 38 0;
47 38 0;
5 39 0;
8 39 0;
12 39 0;
15 39 19 39 0;
23 39 28 39 0;
36 39 43 39 0;
48 39 0;
5 40 0;
7 40 0;
11 40 0;
15 40 0;
18 40 23 40 0;
26 40 0;
28 40 0;
42 40 45 40 0;
49 40 0;
4 41 0;
7 41 0;
11 41 0;
14 41 0;
17 41 18 41 0;
20 41 21 41 0;
26 41 0;
28 41 0;
42 41 46 41 0;
50 41 0;
4 42 0;
6 42 0;
11 42 0;
13 42 14 42 0;
17 42 18 42 0;
21 42 0;
26 42 0;
28 42 0;
43 42 0;
45 42 0;
47 42 48 42 0;
51 42 0;
4 43 5 43 0;
12 43 13 43 0;
16 43 17 43 0;
20 43 0;
25 43 0;
28 43 0;
43 43 0;
45 43 0;
49 43 0;
52 43 0;
4 44 0;
13 44 0;
16 44 17 44 0;
20 44 0;
25 44 0;
27 44 0;
44 44 0;
46 44 0;
50 44 0;
52 44 0;
13 45 0;
15 45 0;
17 45 19 45 0;
25 45 0;
27 45 0;
44 45 0;
46 45 0;
51 45 0;
53 45 0;
14 46 0;
24 46 0;
27 46 0;
44 46 0;
46 46 0;
52 46 53 46 0;
24 47 0;
26 47 0;
45 47 0;
47 47 0;
53 47 0;
23 48 0;
26 48 0;
45 48 0;
47 48 0;
22 49 23 49 0;
25 49 0;
46 49 47 49 0;
15 50 21 50 0;
24 50 0;
26 50 0;
47 50 0;
14 51 0;
23 51 24 51 0;
26 51 0;
13 52 0;
17 52 18 52 0;
21 52 22 52 0;
24 52 0;
27 52 0;
13 53 17 53 0;
20 53 0;
25 53 0;
28 53 29 53 0;
16 54 0;
19 54 0;
26 54 0;
30 54 0;
17 55 18 55 0;
27 55 29 55 0;
