086 Seel;
2;
26 5 30 5 0;
44 5 47 5 0;
25 6 0;
31 6 0;
43 6 0;
48 6 49 6 0;
25 7 26 7 0;
32 7 0;
42 7 0;
50 7 0;
16 8 0;
24 8 0;
33 8 0;
41 8 0;
49 8 50 8 0;
16 9 0;
23 9 0;
33 9 0;
40 9 0;
51 9 0;
16 10 0;
23 10 0;
34 10 0;
39 10 0;
51 10 0;
15 11 0;
17 11 0;
23 11 0;
25 11 26 11 0;
35 11 0;
38 11 0;
48 11 49 11 0;
51 11 0;
15 12 0;
17 12 0;
24 12 0;
36 12 0;
38 12 0;
50 12 0;
15 13 0;
18 13 0;
25 13 0;
37 13 0;
51 13 0;
14 14 0;
18 14 0;
25 14 0;
37 14 0;
42 14 43 14 0;
50 14 0;
13 15 14 15 0;
19 15 22 15 0;
26 15 28 15 0;
41 15 0;
44 15 46 15 0;
50 15 0;
11 16 12 16 0;
14 16 0;
19 16 0;
23 16 24 16 0;
29 16 33 16 0;
39 16 40 16 0;
47 16 49 16 0;
10 17 0;
14 17 0;
19 17 0;
25 17 26 17 0;
34 17 0;
40 17 0;
9 18 0;
15 18 0;
18 18 0;
27 18 0;
35 18 0;
41 18 0;
8 19 0;
12 19 0;
16 19 17 19 0;
21 19 0;
28 19 0;
35 19 0;
42 19 0;
8 20 0;
11 20 0;
13 20 0;
20 20 0;
22 20 0;
28 20 0;
36 20 0;
42 20 0;
7 21 0;
29 21 0;
36 21 0;
43 21 0;
7 22 0;
11 22 12 22 0;
20 22 21 22 0;
29 22 0;
36 22 0;
44 22 0;
6 23 0;
10 23 0;
12 23 13 23 0;
19 23 0;
21 23 22 23 0;
30 23 0;
35 23 0;
45 23 0;
6 24 0;
10 24 13 24 0;
19 24 22 24 0;
30 24 0;
35 24 0;
45 24 0;
6 25 0;
11 25 12 25 0;
20 25 21 25 0;
30 25 0;
34 25 0;
46 25 0;
7 26 0;
14 26 16 26 0;
24 26 0;
30 26 0;
33 26 0;
46 26 0;
6 27 0;
13 27 0;
15 27 17 27 0;
25 27 0;
31 27 32 27 0;
47 27 0;
5 28 0;
14 28 16 28 0;
25 28 0;
31 28 0;
47 28 0;
5 29 0;
9 29 0;
15 29 0;
21 29 0;
26 29 0;
32 29 0;
47 29 0;
5 30 0;
10 30 0;
14 30 0;
16 30 0;
20 30 0;
26 30 0;
33 30 0;
48 30 0;
6 31 0;
11 31 0;
13 31 0;
15 31 0;
17 31 0;
19 31 0;
26 31 0;
34 31 0;
48 31 0;
7 32 9 32 0;
12 32 0;
15 32 0;
18 32 0;
20 32 0;
25 32 0;
36 32 0;
40 32 0;
48 32 0;
10 33 0;
12 33 0;
15 33 0;
18 33 19 33 0;
21 33 24 33 0;
38 33 0;
48 33 0;
9 34 0;
12 34 0;
18 34 0;
48 34 0;
9 35 0;
12 35 0;
18 35 0;
47 35 0;
9 36 0;
13 36 0;
17 36 0;
47 36 0;
9 37 0;
14 37 16 37 0;
47 37 0;
9 38 0;
46 38 0;
10 39 0;
46 39 0;
10 40 0;
29 40 0;
45 40 0;
10 41 11 41 0;
30 41 0;
44 41 0;
9 42 0;
11 42 0;
24 42 0;
31 42 0;
43 42 0;
9 43 0;
12 43 0;
24 43 0;
31 43 0;
42 43 0;
8 44 0;
13 44 0;
24 44 0;
32 44 0;
40 44 41 44 0;
8 45 0;
14 45 0;
24 45 0;
33 45 0;
38 45 39 45 0;
7 46 0;
14 46 16 46 0;
24 46 0;
34 46 0;
36 46 37 46 0;
6 47 0;
14 47 0;
17 47 18 47 0;
25 47 0;
35 47 0;
6 48 0;
10 48 0;
13 48 0;
19 48 21 48 0;
25 48 0;
33 48 0;
36 48 0;
7 49 0;
9 49 0;
12 49 0;
22 49 26 49 0;
30 49 0;
34 49 35 49 0;
8 50 11 50 0;
27 50 28 50 0;
31 50 0;
35 50 0;
29 51 34 51 0;
