087 Dewgong;
2;
20 3 22 3 0;
18 4 19 4 0;
23 4 24 4 0;
17 5 0;
25 5 26 5 0;
16 6 0;
27 6 28 6 0;
15 7 0;
29 7 30 7 0;
15 8 0;
31 8 32 8 0;
15 9 0;
25 9 27 9 0;
33 9 34 9 0;
12 10 0;
15 10 0;
23 10 0;
28 10 29 10 0;
35 10 0;
11 11 0;
13 11 0;
16 11 0;
30 11 31 11 0;
36 11 37 11 0;
11 12 0;
14 12 0;
16 12 0;
32 12 0;
38 12 0;
11 13 0;
15 13 18 13 0;
33 13 34 13 0;
39 13 40 13 0;
10 14 11 14 0;
15 14 0;
19 14 20 14 0;
41 14 0;
9 15 0;
12 15 14 15 0;
21 15 0;
24 15 0;
26 15 27 15 0;
42 15 0;
8 16 0;
22 16 0;
28 16 32 16 0;
43 16 0;
8 17 9 17 0;
17 17 18 17 0;
23 17 0;
33 17 36 17 0;
44 17 0;
7 18 8 18 0;
10 18 0;
16 18 17 18 0;
19 18 0;
23 18 0;
39 18 0;
45 18 0;
7 19 9 19 0;
16 19 19 19 0;
24 19 0;
37 19 38 19 0;
40 19 0;
46 19 0;
6 20 7 20 0;
10 20 12 20 0;
17 20 18 20 0;
24 20 0;
34 20 36 20 0;
41 20 0;
47 20 0;
6 21 0;
10 21 11 21 0;
25 21 0;
30 21 33 21 0;
41 21 0;
47 21 0;
6 22 0;
26 22 29 22 0;
41 22 0;
48 22 0;
6 23 0;
40 23 0;
48 23 0;
7 24 0;
18 24 0;
28 24 29 24 0;
40 24 0;
49 24 0;
8 25 0;
11 25 12 25 0;
17 25 0;
31 25 32 25 0;
39 25 0;
49 25 0;
9 26 10 26 0;
13 26 16 26 0;
33 26 34 26 0;
37 26 38 26 0;
49 26 0;
8 27 0;
10 27 0;
13 27 0;
15 27 0;
35 27 37 27 0;
49 27 0;
9 28 0;
14 28 0;
38 28 39 28 0;
50 28 0;
9 29 0;
40 29 0;
50 29 0;
9 30 0;
41 30 0;
50 30 0;
9 31 0;
41 31 0;
50 31 0;
9 32 0;
27 32 0;
42 32 0;
50 32 0;
8 33 0;
10 33 0;
27 33 0;
37 33 0;
42 33 0;
50 33 0;
8 34 0;
10 34 0;
28 34 0;
33 34 0;
42 34 0;
50 34 0;
7 35 0;
11 35 0;
29 35 0;
39 35 0;
42 35 0;
49 35 0;
6 36 0;
11 36 0;
29 36 0;
34 36 0;
39 36 0;
41 36 0;
49 36 0;
5 37 0;
11 37 0;
30 37 0;
34 37 0;
41 37 0;
49 37 0;
4 38 0;
12 38 0;
30 38 0;
35 38 0;
40 38 0;
48 38 0;
4 39 0;
12 39 0;
31 39 0;
35 39 0;
40 39 0;
48 39 0;
4 40 0;
13 40 0;
31 40 0;
35 40 0;
38 40 39 40 0;
47 40 0;
4 41 0;
8 41 0;
14 41 0;
32 41 34 41 0;
36 41 37 41 0;
47 41 0;
5 42 0;
7 42 0;
15 42 0;
46 42 0;
6 43 7 43 0;
11 43 0;
15 43 0;
45 43 0;
8 44 10 44 0;
14 44 0;
16 44 0;
44 44 0;
11 45 13 45 0;
17 45 18 45 0;
43 45 0;
19 46 0;
42 46 0;
20 47 21 47 0;
40 47 41 47 0;
22 48 24 48 0;
38 48 39 48 0;
25 49 28 49 0;
35 49 37 49 0;
29 50 34 50 0;
