088 Grimer;
6;
37 8 38 8 0;
13 9 14 9 0;
32 9 33 9 0;
36 9 0;
39 9 0;
12 10 0;
15 10 0;
31 10 0;
34 10 35 10 0;
40 10 42 10 0;
12 11 0;
15 11 0;
30 11 0;
37 11 38 11 0;
43 11 0;
11 12 0;
16 12 0;
30 12 0;
43 12 0;
9 13 10 13 0;
15 13 0;
17 13 18 13 0;
31 13 0;
42 13 0;
8 14 0;
14 14 0;
19 14 0;
31 14 0;
39 14 41 14 0;
8 15 0;
19 15 0;
32 15 0;
37 15 0;
41 15 0;
9 16 0;
18 16 0;
31 16 0;
41 16 0;
10 17 12 17 0;
16 17 0;
19 17 28 17 0;
31 17 32 17 0;
40 17 41 17 0;
10 18 0;
18 18 0;
29 18 0;
31 18 0;
39 18 0;
42 18 0;
11 19 0;
16 19 17 19 0;
26 19 28 19 0;
30 19 31 19 0;
38 19 0;
42 19 0;
11 20 0;
15 20 0;
18 20 0;
25 20 0;
29 20 0;
31 20 0;
42 20 0;
11 21 0;
16 21 0;
18 21 0;
24 21 0;
30 21 0;
42 21 0;
11 22 0;
14 22 0;
18 22 0;
24 22 0;
27 22 0;
30 22 0;
32 22 0;
41 22 0;
12 23 0;
14 23 0;
18 23 0;
24 23 0;
30 23 0;
32 23 0;
41 23 0;
12 24 0;
14 24 0;
17 24 0;
25 24 0;
29 24 0;
32 24 0;
42 24 0;
12 25 13 25 0;
15 25 16 25 0;
26 25 28 25 0;
42 25 0;
12 26 13 26 0;
39 26 0;
43 26 0;
13 27 0;
15 27 21 27 0;
38 27 0;
43 27 0;
13 28 15 28 0;
17 28 23 28 0;
38 28 0;
43 28 0;
13 29 0;
15 29 0;
18 29 23 29 0;
25 29 0;
28 29 29 29 0;
33 29 0;
37 29 0;
43 29 0;
13 30 0;
15 30 0;
18 30 23 30 0;
25 30 28 30 0;
33 30 0;
35 30 36 30 0;
42 30 0;
44 30 0;
13 31 0;
18 31 23 31 0;
25 31 27 31 0;
33 31 0;
44 31 0;
13 32 0;
19 32 23 32 0;
25 32 27 32 0;
33 32 0;
44 32 0;
12 33 0;
16 33 0;
19 33 23 33 0;
25 33 26 33 0;
44 33 0;
12 34 0;
16 34 0;
19 34 26 34 0;
32 34 0;
42 34 43 34 0;
12 35 0;
16 35 0;
19 35 21 35 0;
25 35 26 35 0;
30 35 0;
32 35 0;
35 35 0;
41 35 0;
43 35 0;
13 36 0;
16 36 0;
19 36 20 36 0;
26 36 0;
30 36 0;
32 36 0;
36 36 0;
41 36 0;
44 36 0;
13 37 0;
16 37 0;
19 37 0;
26 37 0;
30 37 0;
32 37 0;
37 37 0;
40 37 0;
44 37 0;
14 38 0;
16 38 0;
19 38 0;
26 38 0;
31 38 0;
37 38 0;
40 38 0;
45 38 0;
14 39 0;
16 39 0;
18 39 0;
25 39 0;
30 39 0;
38 39 39 39 0;
45 39 0;
13 40 0;
16 40 0;
18 40 0;
25 40 0;
45 40 0;
13 41 0;
16 41 0;
18 41 0;
24 41 0;
30 41 0;
33 41 35 41 0;
44 41 0;
46 41 0;
12 42 0;
18 42 0;
23 42 0;
30 42 0;
36 42 38 42 0;
42 42 43 42 0;
46 42 0;
12 43 0;
19 43 0;
22 43 23 43 0;
28 43 29 43 0;
39 43 41 43 0;
47 43 0;
12 44 0;
16 44 0;
20 44 21 44 0;
26 44 28 44 0;
47 44 0;
13 45 16 45 0;
25 45 27 45 0;
38 45 39 45 0;
45 45 46 45 0;
16 46 17 46 0;
23 46 26 46 0;
29 46 31 46 0;
35 46 37 46 0;
40 46 44 46 0;
18 47 22 47 0;
24 47 28 47 0;
32 47 34 47 0;
