089 Muk;
6;
37 0 41 0 0;
35 1 36 1 0;
42 1 0;
34 2 0;
43 2 44 2 0;
33 3 0;
45 3 0;
33 4 0;
46 4 0;
33 5 0;
44 5 0;
47 5 0;
28 6 31 6 0;
34 6 0;
44 6 0;
48 6 0;
27 7 0;
32 7 35 7 0;
43 7 0;
49 7 0;
26 8 0;
36 8 37 8 0;
41 8 42 8 0;
49 8 0;
25 9 0;
38 9 40 9 0;
50 9 0;
25 10 0;
44 10 0;
48 10 51 10 0;
25 11 0;
43 11 0;
47 11 0;
52 11 0;
25 12 0;
39 12 0;
41 12 0;
46 12 0;
53 12 0;
17 13 21 13 0;
26 13 0;
46 13 0;
54 13 0;
13 14 16 14 0;
23 14 24 14 0;
27 14 0;
46 14 0;
54 14 0;
11 15 12 15 0;
26 15 27 15 0;
29 15 33 15 0;
46 15 0;
54 15 0;
9 16 10 16 0;
27 16 0;
29 16 0;
34 16 35 16 0;
46 16 0;
7 17 8 17 0;
26 17 0;
28 17 0;
30 17 0;
36 17 0;
46 17 0;
6 18 0;
24 18 25 18 0;
31 18 0;
37 18 0;
39 18 40 18 0;
47 18 0;
5 19 0;
10 19 0;
21 19 24 19 0;
32 19 0;
37 19 0;
41 19 0;
48 19 0;
4 20 0;
6 20 0;
8 20 9 20 0;
14 20 0;
18 20 20 20 0;
24 20 0;
33 20 0;
37 20 0;
42 20 0;
49 20 50 20 0;
54 20 0;
3 21 0;
15 21 17 21 0;
24 21 0;
34 21 0;
37 21 0;
43 21 0;
51 21 0;
53 21 0;
3 22 0;
16 22 0;
19 22 0;
23 22 0;
34 22 0;
37 22 0;
51 22 0;
53 22 0;
2 23 0;
17 23 0;
19 23 0;
22 23 0;
35 23 0;
38 23 0;
44 23 0;
51 23 0;
53 23 0;
2 24 0;
18 24 21 24 0;
36 24 0;
38 24 0;
45 24 46 24 0;
50 24 51 24 0;
53 24 0;
2 25 0;
37 25 38 25 0;
40 25 0;
47 25 51 25 0;
53 25 0;
2 26 0;
38 26 0;
41 26 0;
48 26 49 26 0;
51 26 0;
53 26 0;
3 27 0;
39 27 0;
41 27 0;
48 27 0;
51 27 0;
53 27 0;
3 28 0;
15 28 18 28 0;
25 28 26 28 0;
39 28 0;
42 28 0;
47 28 0;
51 28 0;
53 28 0;
4 29 5 29 0;
12 29 19 29 0;
24 29 27 29 0;
39 29 0;
44 29 46 29 0;
51 29 0;
53 29 0;
6 30 0;
9 30 20 30 0;
24 30 27 30 0;
39 30 40 30 0;
51 30 0;
53 30 0;
6 31 0;
10 31 20 31 0;
24 31 27 31 0;
39 31 0;
50 31 51 31 0;
53 31 0;
7 32 0;
11 32 20 32 0;
24 32 27 32 0;
39 32 0;
41 32 0;
49 32 0;
52 32 0;
7 33 0;
10 33 0;
12 33 21 33 0;
24 33 28 33 0;
39 33 0;
42 33 0;
47 33 0;
49 33 0;
7 34 0;
9 34 0;
11 34 0;
13 34 21 34 0;
24 34 28 34 0;
38 34 0;
44 34 46 34 0;
49 34 0;
7 35 0;
9 35 0;
11 35 0;
13 35 21 35 0;
24 35 28 35 0;
50 35 0;
7 36 0;
9 36 0;
12 36 0;
14 36 21 36 0;
24 36 29 36 0;
50 36 0;
7 37 0;
9 37 0;
12 37 0;
14 37 21 37 0;
24 37 26 37 0;
29 37 0;
49 37 0;
7 38 0;
9 38 0;
13 38 21 38 0;
24 38 0;
29 38 0;
49 38 0;
8 39 0;
13 39 21 39 0;
24 39 0;
30 39 0;
50 39 0;
8 40 0;
12 40 19 40 0;
21 40 0;
24 40 0;
30 40 0;
47 40 0;
50 40 0;
8 41 0;
13 41 17 41 0;
21 41 0;
24 41 0;
30 41 0;
43 41 0;
50 41 0;
11 42 0;
13 42 16 42 0;
21 42 0;
24 42 0;
30 42 0;
45 42 0;
48 42 0;
51 42 0;
10 43 11 43 0;
13 43 15 43 0;
21 43 0;
24 43 0;
29 43 0;
46 43 47 43 0;
51 43 0;
8 44 9 44 0;
12 44 14 44 0;
22 44 0;
24 44 0;
28 44 29 44 0;
52 44 0;
6 45 7 45 0;
9 45 0;
11 45 14 45 0;
22 45 0;
24 45 0;
27 45 0;
29 45 0;
53 45 0;
5 46 0;
8 46 0;
10 46 13 46 0;
22 46 0;
24 46 0;
27 46 0;
39 46 0;
53 46 0;
4 47 0;
10 47 13 47 0;
22 47 0;
25 47 0;
41 47 0;
53 47 0;
3 48 0;
7 48 0;
11 48 13 48 0;
21 48 0;
25 48 26 48 0;
33 48 0;
43 48 45 48 0;
52 48 0;
2 49 0;
7 49 0;
12 49 14 49 0;
19 49 20 49 0;
47 49 0;
49 49 51 49 0;
53 49 0;
1 50 0;
8 50 0;
14 50 18 50 0;
31 50 0;
54 50 0;
1 51 0;
9 51 0;
27 51 29 51 0;
34 51 37 51 0;
1 52 2 52 0;
11 52 12 52 0;
22 52 0;
24 52 0;
32 52 33 52 0;
38 52 40 52 0;
3 53 5 53 0;
8 53 10 53 0;
14 53 20 53 0;
28 53 31 53 0;
43 53 46 53 0;
6 54 13 54 0;
20 54 25 54 0;
38 54 42 54 0;
47 54 52 54 0;
25 55 37 55 0;
