009 Blastoise;
2;
16 1 17 1 0;
15 2 0;
18 2 0;
20 2 28 2 0;
36 2 38 2 0;
15 3 0;
17 3 20 3 0;
29 3 30 3 0;
34 3 35 3 0;
39 3 0;
15 4 17 4 0;
26 4 31 4 0;
33 4 0;
40 4 0;
15 5 16 5 0;
21 5 0;
24 5 25 5 0;
28 5 29 5 0;
31 5 32 5 0;
38 5 40 5 0;
15 6 16 6 0;
21 6 0;
23 6 24 6 0;
29 6 0;
36 6 39 6 0;
9 7 11 7 0;
14 7 0;
16 7 17 7 0;
22 7 23 7 0;
25 7 26 7 0;
29 7 0;
35 7 40 7 0;
43 7 46 7 0;
8 8 0;
12 8 0;
14 8 16 8 0;
23 8 28 8 0;
34 8 37 8 0;
41 8 42 8 0;
47 8 0;
7 9 0;
10 9 11 9 0;
13 9 15 9 0;
20 9 21 9 0;
35 9 36 9 0;
41 9 0;
43 9 46 9 0;
48 9 0;
6 10 0;
9 10 12 10 0;
15 10 0;
36 10 0;
40 10 0;
43 10 47 10 0;
49 10 0;
5 11 0;
8 11 11 11 0;
36 11 37 11 0;
40 11 0;
43 11 47 11 0;
49 11 0;
5 12 0;
7 12 11 12 0;
32 12 0;
36 12 39 12 0;
44 12 47 12 0;
49 12 0;
5 13 0;
8 13 9 13 0;
11 13 0;
17 13 23 13 0;
33 13 0;
36 13 38 13 0;
49 13 50 13 0;
6 14 0;
11 14 0;
16 14 0;
24 14 25 14 0;
33 14 0;
36 14 38 14 0;
48 14 51 14 0;
7 15 0;
12 15 0;
15 15 0;
26 15 28 15 0;
32 15 0;
35 15 37 15 0;
47 15 49 15 0;
52 15 0;
8 16 0;
13 16 14 16 0;
29 16 31 16 0;
34 16 0;
36 16 0;
38 16 0;
46 16 48 16 0;
52 16 0;
8 17 9 17 0;
14 17 15 17 0;
33 17 0;
36 17 0;
39 17 0;
45 17 47 17 0;
53 17 0;
8 18 0;
10 18 0;
15 18 0;
32 18 33 18 0;
36 18 0;
40 18 41 18 0;
44 18 46 18 0;
53 18 0;
7 19 0;
11 19 0;
14 19 16 19 0;
30 19 33 19 0;
36 19 37 19 0;
42 19 46 19 0;
53 19 0;
7 20 0;
12 20 18 20 0;
28 20 32 20 0;
37 20 38 20 0;
41 20 45 20 0;
54 20 0;
7 21 0;
11 21 12 21 0;
17 21 32 21 0;
38 21 45 21 0;
54 21 0;
6 22 0;
10 22 0;
20 22 31 22 0;
39 22 44 22 0;
54 22 0;
6 23 0;
9 23 0;
28 23 30 23 0;
41 23 44 23 0;
54 23 0;
6 24 0;
8 24 0;
29 24 0;
37 24 43 24 0;
54 24 0;
6 25 7 25 0;
29 25 0;
35 25 36 25 0;
41 25 43 25 0;
54 25 0;
5 26 0;
7 26 8 26 0;
28 26 0;
34 26 0;
36 26 0;
42 26 43 26 0;
54 26 0;
4 27 0;
6 27 7 27 0;
9 27 10 27 0;
27 27 28 27 0;
33 27 0;
37 27 0;
42 27 43 27 0;
53 27 0;
3 28 0;
6 28 0;
12 28 0;
24 28 26 28 0;
28 28 0;
32 28 0;
38 28 0;
42 28 43 28 0;
52 28 53 28 0;
2 29 0;
5 29 0;
14 29 22 29 0;
28 29 0;
31 29 0;
38 29 44 29 0;
51 29 52 29 0;
54 29 0;
2 30 0;
5 30 0;
29 30 30 30 0;
37 30 0;
41 30 45 30 0;
49 30 51 30 0;
54 30 0;
2 31 0;
5 31 0;
30 31 0;
36 31 0;
43 31 50 31 0;
54 31 0;
1 32 0;
3 32 6 32 0;
30 32 0;
44 32 49 32 0;
54 32 0;
1 33 0;
5 33 0;
7 33 0;
29 33 31 33 0;
35 33 0;
44 33 47 33 0;
54 33 0;
1 34 0;
5 34 0;
8 34 9 34 0;
26 34 32 34 0;
35 34 0;
44 34 0;
48 34 0;
54 34 0;
2 35 0;
5 35 0;
10 35 11 35 0;
23 35 24 35 0;
29 35 31 35 0;
33 35 0;
35 35 0;
44 35 45 35 0;
48 35 0;
53 35 0;
2 36 3 36 0;
5 36 0;
12 36 17 36 0;
21 36 22 36 0;
28 36 31 36 0;
34 36 35 36 0;
43 36 0;
46 36 47 36 0;
53 36 0;
2 37 0;
5 37 6 37 0;
26 37 27 37 0;
30 37 31 37 0;
36 37 0;
41 37 43 37 0;
46 37 0;
52 37 0;
2 38 0;
4 38 0;
6 38 0;
25 38 0;
31 38 0;
37 38 40 38 0;
43 38 45 38 0;
51 38 0;
3 39 0;
6 39 7 39 0;
24 39 0;
31 39 0;
40 39 0;
43 39 0;
50 39 51 39 0;
5 40 7 40 0;
23 40 0;
31 40 0;
41 40 42 40 0;
48 40 49 40 0;
51 40 0;
5 41 8 41 0;
23 41 0;
31 41 0;
41 41 42 41 0;
46 41 47 41 0;
50 41 0;
5 42 0;
7 42 9 42 0;
22 42 0;
32 42 0;
41 42 47 42 0;
50 42 0;
6 43 0;
9 43 10 43 0;
22 43 0;
32 43 0;
42 43 46 43 0;
49 43 0;
6 44 0;
11 44 12 44 0;
22 44 0;
33 44 0;
42 44 45 44 0;
48 44 0;
7 45 0;
12 45 14 45 0;
20 45 22 45 0;
34 45 0;
42 45 44 45 0;
47 45 0;
7 46 0;
15 46 23 46 0;
35 46 36 46 0;
42 46 43 46 0;
45 46 46 46 0;
6 47 0;
8 47 0;
16 47 24 47 0;
34 47 37 47 0;
41 47 44 47 0;
5 48 0;
9 48 0;
12 48 17 48 0;
25 48 26 48 0;
33 48 42 48 0;
4 49 0;
9 49 11 49 0;
14 49 17 49 0;
27 49 33 49 0;
38 49 42 49 0;
5 50 6 50 0;
9 50 11 50 0;
15 50 16 50 0;
27 50 0;
30 50 0;
33 50 36 50 0;
39 50 43 50 0;
7 51 11 51 0;
15 51 0;
26 51 0;
31 51 32 51 0;
37 51 39 51 0;
44 51 0;
12 52 14 52 0;
27 52 31 52 0;
38 52 39 52 0;
44 52 0;
32 53 0;
37 53 0;
40 53 43 53 0;
33 54 36 54 0;
