090 Shellder;
2;
19 10 20 10 0;
19 11 0;
21 11 0;
33 11 34 11 0;
20 12 0;
22 12 0;
32 12 0;
35 12 0;
20 13 0;
23 13 0;
32 13 0;
36 13 37 13 0;
21 14 0;
24 14 0;
26 14 31 14 0;
38 14 39 14 0;
17 15 22 15 0;
25 15 0;
33 15 34 15 0;
40 15 41 15 0;
15 16 16 16 0;
30 16 31 16 0;
42 16 0;
13 17 14 17 0;
25 17 26 17 0;
35 17 38 17 0;
43 17 44 17 0;
12 18 0;
22 18 0;
33 18 0;
42 18 0;
45 18 0;
11 19 0;
20 19 0;
32 19 0;
40 19 41 19 0;
44 19 45 19 0;
11 20 0;
18 20 0;
30 20 0;
40 20 0;
42 20 44 20 0;
10 21 0;
16 21 0;
29 21 0;
42 21 0;
44 21 45 21 0;
10 22 0;
14 22 0;
27 22 0;
39 22 0;
42 22 43 22 0;
45 22 0;
10 23 0;
13 23 0;
26 23 0;
39 23 0;
41 23 0;
45 23 0;
11 24 12 24 0;
25 24 0;
40 24 0;
44 24 0;
12 25 0;
24 25 0;
38 25 39 25 0;
43 25 44 25 0;
12 26 0;
23 26 0;
42 26 0;
44 26 0;
13 27 0;
22 27 0;
37 27 0;
44 27 0;
12 28 13 28 0;
21 28 0;
36 28 0;
39 28 40 28 0;
44 28 0;
11 29 0;
14 29 0;
44 29 0;
11 30 0;
15 30 16 30 0;
20 30 0;
35 30 0;
43 30 0;
10 31 0;
16 31 20 31 0;
34 31 0;
43 31 0;
10 32 0;
16 32 17 32 0;
20 32 21 32 0;
33 32 0;
42 32 43 32 0;
10 33 0;
16 33 0;
21 33 22 33 0;
32 33 0;
42 33 43 33 0;
10 34 0;
15 34 16 34 0;
19 34 0;
21 34 24 34 0;
31 34 0;
41 34 0;
43 34 0;
10 35 0;
14 35 0;
16 35 17 35 0;
20 35 32 35 0;
39 35 40 35 0;
43 35 0;
11 36 0;
13 36 0;
16 36 26 36 0;
29 36 38 36 0;
42 36 0;
12 37 0;
16 37 25 37 0;
30 37 33 37 0;
42 37 0;
12 38 0;
16 38 17 38 0;
20 38 25 38 0;
28 38 0;
30 38 33 38 0;
42 38 0;
12 39 0;
15 39 0;
22 39 26 39 0;
29 39 32 39 0;
41 39 42 39 0;
12 40 0;
14 40 0;
19 40 0;
23 40 32 40 0;
41 40 42 40 0;
13 41 0;
18 41 0;
24 41 29 41 0;
31 41 0;
40 41 0;
42 41 0;
13 42 0;
17 42 0;
24 42 27 42 0;
31 42 0;
39 42 40 42 0;
42 42 0;
13 43 0;
16 43 0;
23 43 0;
31 43 0;
37 43 38 43 0;
40 43 0;
42 43 0;
13 44 0;
22 44 0;
31 44 36 44 0;
41 44 42 44 0;
13 45 0;
22 45 0;
29 45 30 45 0;
14 46 0;
21 46 0;
23 46 28 46 0;
15 47 20 47 0;
