091 Cloyster;
2;
27 1 0;
3 2 5 2 0;
25 2 26 2 0;
28 2 29 2 0;
49 2 51 2 0;
2 3 0;
6 3 0;
21 3 24 3 0;
26 3 0;
28 3 0;
30 3 33 3 0;
48 3 0;
52 3 0;
2 4 0;
7 4 0;
18 4 20 4 0;
25 4 0;
29 4 0;
34 4 36 4 0;
47 4 0;
52 4 0;
2 5 0;
8 5 0;
16 5 17 5 0;
25 5 0;
29 5 0;
37 5 38 5 0;
46 5 0;
52 5 0;
2 6 0;
9 6 0;
15 6 0;
25 6 0;
29 6 0;
39 6 0;
45 6 0;
52 6 0;
3 7 0;
10 7 0;
16 7 0;
20 7 25 7 0;
29 7 34 7 0;
38 7 0;
44 7 0;
51 7 0;
3 8 0;
10 8 0;
17 8 19 8 0;
24 8 0;
30 8 0;
35 8 37 8 0;
44 8 0;
51 8 0;
4 9 0;
9 9 0;
14 9 16 9 0;
24 9 0;
30 9 0;
38 9 39 9 0;
45 9 0;
50 9 0;
4 10 0;
6 10 0;
10 10 0;
12 10 13 10 0;
24 10 0;
30 10 0;
40 10 0;
44 10 0;
48 10 0;
50 10 0;
5 11 0;
7 11 0;
11 11 0;
41 11 43 11 0;
47 11 0;
49 11 0;
8 12 0;
12 12 0;
23 12 0;
31 12 0;
42 12 0;
46 12 0;
8 13 0;
23 13 0;
31 13 0;
46 13 0;
7 14 8 14 0;
30 14 0;
45 14 0;
47 14 0;
6 15 0;
9 15 0;
15 15 17 15 0;
27 15 0;
36 15 38 15 0;
45 15 0;
48 15 0;
5 16 0;
14 16 0;
18 16 0;
35 16 0;
39 16 0;
49 16 0;
5 17 0;
9 17 0;
14 17 0;
19 17 0;
34 17 0;
39 17 0;
45 17 0;
49 17 0;
4 18 0;
13 18 0;
25 18 28 18 0;
40 18 0;
50 18 0;
4 19 0;
7 19 0;
23 19 30 19 0;
50 19 0;
3 20 0;
8 20 0;
21 20 24 20 0;
28 20 32 20 0;
51 20 0;
3 21 0;
10 21 0;
20 21 22 21 0;
29 21 33 21 0;
51 21 0;
2 22 0;
19 22 20 22 0;
29 22 34 22 0;
52 22 0;
2 23 0;
18 23 19 23 0;
26 23 35 23 0;
47 23 0;
52 23 0;
2 24 0;
9 24 11 24 0;
17 24 18 24 0;
31 24 36 24 0;
43 24 46 24 0;
49 24 0;
53 24 0;
2 25 0;
6 25 7 25 0;
12 25 17 25 0;
25 25 28 25 0;
34 25 37 25 0;
40 25 48 25 0;
50 25 51 25 0;
53 25 0;
2 26 0;
5 26 6 26 0;
13 26 16 26 0;
23 26 24 26 0;
29 26 30 26 0;
36 26 41 26 0;
43 26 46 26 0;
48 26 49 26 0;
52 26 0;
3 27 6 27 0;
12 27 16 27 0;
21 27 23 27 0;
30 27 32 27 0;
40 27 0;
44 27 46 27 0;
49 27 51 27 0;
5 28 6 28 0;
14 28 15 28 0;
19 28 24 28 0;
29 28 34 28 0;
38 28 39 28 0;
45 28 46 28 0;
49 28 51 28 0;
5 29 7 29 0;
12 29 13 29 0;
18 29 0;
25 29 0;
28 29 0;
35 29 0;
37 29 0;
40 29 41 29 0;
46 29 0;
50 29 51 29 0;
5 30 6 30 0;
8 30 14 30 0;
16 30 19 30 0;
23 30 0;
26 30 27 30 0;
30 30 0;
34 30 37 30 0;
41 30 44 30 0;
46 30 0;
50 30 0;
4 31 5 31 0;
10 31 12 31 0;
17 31 20 31 0;
26 31 27 31 0;
33 31 37 31 0;
42 31 44 31 0;
46 31 0;
50 31 0;
4 32 0;
8 32 0;
10 32 11 32 0;
17 32 21 32 0;
25 32 28 32 0;
31 32 36 32 0;
42 32 43 32 0;
45 32 46 32 0;
49 32 0;
4 33 0;
7 33 9 33 0;
11 33 0;
18 33 32 33 0;
34 33 36 33 0;
41 33 43 33 0;
45 33 46 33 0;
49 33 0;
4 34 0;
7 34 9 34 0;
18 34 29 34 0;
34 34 35 34 0;
40 34 41 34 0;
44 34 46 34 0;
48 34 0;
5 35 0;
8 35 10 35 0;
19 35 26 35 0;
30 35 0;
33 35 34 35 0;
42 35 45 35 0;
47 35 0;
5 36 0;
8 36 14 36 0;
17 36 0;
20 36 22 36 0;
26 36 0;
31 36 33 36 0;
38 36 0;
40 36 44 36 0;
46 36 0;
6 37 0;
9 37 15 37 0;
17 37 18 37 0;
22 37 24 37 0;
27 37 0;
30 37 31 37 0;
37 37 0;
39 37 43 37 0;
45 37 0;
7 38 0;
10 38 15 38 0;
17 38 20 38 0;
24 38 29 38 0;
38 38 42 38 0;
45 38 0;
8 39 0;
11 39 16 39 0;
19 39 21 39 0;
37 39 42 39 0;
44 39 0;
8 40 0;
11 40 15 40 0;
17 40 18 40 0;
21 40 23 40 0;
36 40 0;
39 40 42 40 0;
44 40 0;
8 41 0;
12 41 13 41 0;
19 41 20 41 0;
23 41 26 41 0;
28 41 0;
34 41 35 41 0;
40 41 41 41 0;
44 41 0;
8 42 0;
21 42 22 42 0;
31 42 33 42 0;
38 42 0;
43 42 0;
45 42 0;
8 43 0;
19 43 0;
21 43 30 43 0;
37 43 0;
39 43 40 43 0;
46 43 0;
7 44 0;
10 44 0;
15 44 18 44 0;
20 44 29 44 0;
34 44 0;
36 44 37 44 0;
41 44 0;
47 44 0;
6 45 0;
12 45 15 45 0;
19 45 0;
21 45 28 45 0;
33 45 0;
36 45 0;
42 45 0;
48 45 0;
5 46 0;
11 46 0;
16 46 0;
20 46 0;
23 46 27 46 0;
32 46 33 46 0;
36 46 0;
43 46 0;
48 46 0;
5 47 0;
10 47 0;
17 47 19 47 0;
21 47 0;
31 47 0;
34 47 35 47 0;
44 47 0;
48 47 0;
5 48 0;
9 48 0;
22 48 23 48 0;
30 48 0;
45 48 47 48 0;
6 49 8 49 0;
22 49 0;
26 49 29 49 0;
23 50 0;
29 50 0;
23 51 0;
28 51 0;
24 52 27 52 0;
