092 Gastly;
6;
25 3 0;
29 5 0;
28 6 29 6 0;
19 7 0;
27 7 29 7 0;
26 8 28 8 0;
15 9 0;
24 9 0;
27 9 29 9 0;
40 9 42 9 0;
22 10 24 10 0;
39 10 41 10 0;
15 11 0;
22 11 25 11 0;
39 11 44 11 0;
22 12 24 12 0;
28 12 0;
40 12 45 12 0;
21 13 23 13 0;
27 13 29 13 0;
40 13 45 13 0;
19 14 22 14 0;
24 14 30 14 0;
32 14 0;
42 14 45 14 0;
19 15 33 15 0;
35 15 0;
43 15 45 15 0;
6 16 8 16 0;
16 16 0;
18 16 36 16 0;
41 16 45 16 0;
5 17 0;
7 17 9 17 0;
17 17 37 17 0;
41 17 45 17 0;
7 18 9 18 0;
16 18 38 18 0;
41 18 44 18 0;
7 19 8 19 0;
15 19 39 19 0;
42 19 43 19 0;
7 20 9 20 0;
14 20 35 20 0;
37 20 40 20 0;
42 20 44 20 0;
8 21 9 21 0;
13 21 34 21 0;
37 21 40 21 0;
43 21 0;
45 21 47 21 0;
8 22 9 22 0;
13 22 33 22 0;
37 22 41 22 0;
46 22 47 22 0;
9 23 0;
13 23 32 23 0;
37 23 41 23 0;
12 24 30 24 0;
37 24 42 24 0;
8 25 0;
12 25 29 25 0;
37 25 42 25 0;
12 26 28 26 0;
37 26 42 26 0;
45 26 0;
11 27 27 27 0;
36 27 43 27 0;
49 27 50 27 0;
8 28 26 28 0;
36 28 43 28 0;
49 28 51 28 0;
7 29 0;
12 29 25 29 0;
36 29 43 29 0;
47 29 51 29 0;
8 30 0;
17 30 24 30 0;
28 30 0;
35 30 43 30 0;
46 30 50 30 0;
9 31 0;
21 31 25 31 0;
28 31 0;
34 31 43 31 0;
46 31 48 31 0;
6 32 0;
10 32 0;
22 32 25 32 0;
33 32 43 32 0;
45 32 47 32 0;
5 33 6 33 0;
11 33 0;
19 33 0;
22 33 26 33 0;
31 33 34 33 0;
36 33 43 33 0;
46 33 0;
5 34 6 34 0;
12 34 0;
19 34 0;
22 34 33 34 0;
36 34 43 34 0;
5 35 9 35 0;
12 35 13 35 0;
22 35 31 35 0;
33 35 0;
36 35 43 35 0;
5 36 9 36 0;
12 36 15 36 0;
21 36 29 36 0;
33 36 0;
35 36 42 36 0;
46 36 0;
8 37 9 37 0;
12 37 29 37 0;
33 37 0;
35 37 41 37 0;
9 38 0;
13 38 25 38 0;
29 38 0;
32 38 0;
34 38 42 38 0;
9 39 0;
13 39 17 39 0;
20 39 0;
24 39 0;
30 39 0;
32 39 41 39 0;
14 40 18 40 0;
21 40 0;
25 40 0;
30 40 0;
32 40 40 40 0;
15 41 20 41 0;
22 41 0;
25 41 0;
29 41 39 41 0;
16 42 23 42 0;
25 42 38 42 0;
17 43 37 43 0;
18 44 36 44 0;
21 45 34 45 0;
24 46 31 46 0;
17 47 0;
18 48 0;
20 48 0;
23 48 0;
28 48 30 48 0;
33 48 0;
18 49 0;
27 49 31 49 0;
31 50 0;
