093 Haunter;
6;
39 3 0;
38 4 39 4 0;
37 5 39 5 0;
16 6 0;
36 6 39 6 0;
35 7 39 7 0;
5 8 6 8 0;
22 8 0;
27 8 0;
29 8 0;
34 8 39 8 0;
5 9 8 9 0;
15 9 0;
33 9 39 9 0;
42 9 0;
6 10 10 10 0;
32 10 39 10 0;
45 10 0;
6 11 12 11 0;
22 11 39 11 0;
7 12 14 12 0;
18 12 38 12 0;
43 12 0;
45 12 0;
7 13 14 13 0;
16 13 38 13 0;
7 14 13 14 0;
15 14 38 14 0;
47 14 50 14 0;
7 15 12 15 0;
14 15 38 15 0;
42 15 49 15 0;
5 16 0;
8 16 11 16 0;
13 16 48 16 0;
8 17 11 17 0;
13 17 47 17 0;
8 18 10 18 0;
12 18 46 18 0;
9 19 10 19 0;
12 19 46 19 0;
5 20 0;
10 20 0;
12 20 30 20 0;
34 20 45 20 0;
5 21 7 21 0;
11 21 27 21 0;
34 21 35 21 0;
37 21 44 21 0;
6 22 26 22 0;
34 22 35 22 0;
37 22 43 22 0;
47 22 0;
6 23 25 23 0;
33 23 34 23 0;
37 23 43 23 0;
7 24 10 24 0;
13 24 24 24 0;
33 24 34 24 0;
37 24 41 24 0;
7 25 11 25 0;
15 25 24 25 0;
26 25 27 25 0;
32 25 33 25 0;
36 25 41 25 0;
8 26 11 26 0;
17 26 23 26 0;
25 26 0;
27 26 0;
31 26 33 26 0;
36 26 44 26 0;
8 27 12 27 0;
16 27 17 27 0;
19 27 23 27 0;
25 27 26 27 0;
29 27 33 27 0;
36 27 46 27 0;
8 28 13 28 0;
16 28 0;
18 28 0;
20 28 30 28 0;
35 28 41 28 0;
45 28 46 28 0;
5 29 10 29 0;
12 29 14 29 0;
17 29 30 29 0;
33 29 0;
35 29 40 29 0;
42 29 44 29 0;
6 30 11 30 0;
13 30 30 30 0;
33 30 0;
35 30 39 30 0;
41 30 45 30 0;
7 31 12 31 0;
14 31 26 31 0;
29 31 30 31 0;
33 31 39 31 0;
41 31 45 31 0;
8 32 13 32 0;
16 32 18 32 0;
20 32 22 32 0;
25 32 26 32 0;
30 32 0;
33 32 38 32 0;
40 32 45 32 0;
11 33 14 33 0;
17 33 18 33 0;
21 33 22 33 0;
26 33 0;
28 33 0;
32 33 38 33 0;
40 33 45 33 0;
47 33 49 33 0;
7 34 11 34 0;
13 34 15 34 0;
18 34 0;
22 34 0;
25 34 0;
28 34 29 34 0;
32 34 38 34 0;
40 34 44 34 0;
46 34 50 34 0;
6 35 12 35 0;
14 35 16 35 0;
19 35 0;
25 35 0;
28 35 30 35 0;
32 35 37 35 0;
39 35 43 35 0;
45 35 50 35 0;
5 36 13 36 0;
15 36 17 36 0;
19 36 20 36 0;
22 36 0;
25 36 26 36 0;
28 36 37 36 0;
39 36 42 36 0;
44 36 50 36 0;
5 37 14 37 0;
16 37 20 37 0;
22 37 23 37 0;
25 37 33 37 0;
39 37 41 37 0;
43 37 49 37 0;
5 38 8 38 0;
17 38 31 38 0;
34 38 36 38 0;
38 38 40 38 0;
43 38 47 38 0;
6 39 7 39 0;
9 39 13 39 0;
18 39 30 39 0;
32 39 35 39 0;
38 39 39 39 0;
42 39 45 39 0;
49 39 50 39 0;
8 40 12 40 0;
19 40 29 40 0;
31 40 35 40 0;
38 40 0;
42 40 44 40 0;
48 40 51 40 0;
7 41 11 41 0;
14 41 16 41 0;
21 41 28 41 0;
30 41 35 41 0;
42 41 43 41 0;
47 41 51 41 0;
6 42 10 42 0;
13 42 15 42 0;
18 42 20 42 0;
23 42 27 42 0;
29 42 34 42 0;
42 42 0;
46 42 50 42 0;
5 43 10 43 0;
12 43 14 43 0;
17 43 20 43 0;
25 43 27 43 0;
29 43 34 43 0;
37 43 41 43 0;
45 43 49 43 0;
5 44 9 44 0;
11 44 14 44 0;
16 44 19 44 0;
26 44 27 44 0;
29 44 34 44 0;
36 44 41 44 0;
44 44 47 44 0;
6 45 8 45 0;
10 45 19 45 0;
23 45 0;
27 45 0;
29 45 33 45 0;
36 45 42 45 0;
7 46 0;
9 46 19 46 0;
25 46 0;
30 46 32 46 0;
38 46 43 46 0;
9 47 18 47 0;
34 47 37 47 0;
39 47 43 47 0;
9 48 18 48 0;
26 48 0;
33 48 38 48 0;
40 48 42 48 0;
10 49 12 49 0;
14 49 17 49 0;
28 49 0;
34 49 39 49 0;
15 50 16 50 0;
35 50 39 50 0;
