094 Gengar;
6;
13 4 14 4 0;
14 5 15 5 0;
28 5 0;
14 6 16 6 0;
21 6 0;
26 6 29 6 0;
34 6 35 6 0;
47 6 0;
15 7 17 7 0;
21 7 22 7 0;
25 7 29 7 0;
32 7 34 7 0;
45 7 46 7 0;
15 8 18 8 0;
20 8 33 8 0;
43 8 46 8 0;
16 9 36 9 0;
41 9 45 9 0;
16 10 44 10 0;
17 11 43 11 0;
16 12 42 12 0;
15 13 41 13 0;
15 14 40 14 0;
42 14 44 14 0;
14 15 43 15 0;
14 16 42 16 0;
13 17 44 17 0;
13 18 14 18 0;
16 18 46 18 0;
13 19 14 19 0;
17 19 45 19 0;
13 20 14 20 0;
18 20 44 20 0;
12 21 14 21 0;
17 21 0;
19 21 28 21 0;
32 21 43 21 0;
12 22 15 22 0;
17 22 0;
19 22 26 22 0;
32 22 47 22 0;
11 23 15 23 0;
19 23 24 23 0;
31 23 46 23 0;
9 24 0;
11 24 17 24 0;
19 24 23 24 0;
25 24 0;
31 24 45 24 0;
7 25 9 25 0;
11 25 23 25 0;
25 25 0;
29 25 44 25 0;
6 26 9 26 0;
11 26 23 26 0;
26 26 33 26 0;
35 26 45 26 0;
49 26 0;
5 27 9 27 0;
11 27 15 27 0;
17 27 31 27 0;
35 27 45 27 0;
50 27 0;
4 28 9 28 0;
11 28 16 28 0;
18 28 27 28 0;
31 28 32 28 0;
34 28 45 28 0;
49 28 50 28 0;
4 29 9 29 0;
11 29 17 29 0;
20 29 0;
23 29 24 29 0;
26 29 27 29 0;
31 29 32 29 0;
34 29 46 29 0;
48 29 50 29 0;
3 30 9 30 0;
11 30 17 30 0;
19 30 20 30 0;
23 30 24 30 0;
27 30 28 30 0;
31 30 50 30 0;
3 31 9 31 0;
11 31 20 31 0;
23 31 24 31 0;
27 31 28 31 0;
32 31 49 31 0;
4 32 9 32 0;
12 32 20 32 0;
23 32 24 32 0;
27 32 28 32 0;
30 32 49 32 0;
5 33 7 33 0;
12 33 24 33 0;
28 33 42 33 0;
44 33 48 33 0;
12 34 30 34 0;
33 34 42 34 0;
44 34 48 34 0;
13 35 28 35 0;
31 35 47 35 0;
13 36 27 36 0;
29 36 47 36 0;
14 37 26 37 0;
28 37 41 37 0;
43 37 46 37 0;
12 38 0;
14 38 25 38 0;
27 38 41 38 0;
43 38 45 38 0;
12 39 13 39 0;
15 39 25 39 0;
27 39 40 39 0;
42 39 44 39 0;
12 40 14 40 0;
16 40 24 40 0;
26 40 39 40 0;
41 40 44 40 0;
12 41 15 41 0;
17 41 24 41 0;
26 41 37 41 0;
40 41 44 41 0;
11 42 16 42 0;
19 42 24 42 0;
26 42 35 42 0;
38 42 45 42 0;
10 43 18 43 0;
21 43 24 43 0;
26 43 33 43 0;
36 43 45 43 0;
9 44 20 44 0;
22 44 24 44 0;
26 44 0;
28 44 0;
30 44 31 44 0;
34 44 45 44 0;
11 45 21 45 0;
24 45 0;
26 45 0;
28 45 0;
30 45 31 45 0;
33 45 45 45 0;
13 46 18 46 0;
25 46 29 46 0;
32 46 0;
35 46 45 46 0;
30 47 31 47 0;
37 47 46 47 0;
38 48 40 48 0;
42 48 46 48 0;
39 49 0;
44 49 46 49 0;
