095 Onix;
7;
14 1 15 1 0;
13 2 0;
16 2 0;
13 3 0;
16 3 0;
13 4 0;
16 4 0;
13 5 0;
17 5 0;
14 6 0;
17 6 0;
14 7 0;
17 7 0;
19 7 24 7 0;
32 7 35 7 0;
14 8 0;
17 8 18 8 0;
22 8 0;
25 8 27 8 0;
30 8 37 8 0;
14 9 0;
17 9 0;
19 9 0;
23 9 0;
28 9 39 9 0;
13 10 0;
15 10 0;
17 10 0;
19 10 0;
24 10 0;
29 10 40 10 0;
12 11 0;
15 11 0;
18 11 0;
30 11 37 11 0;
41 11 0;
12 12 0;
15 12 0;
18 12 0;
25 12 0;
27 12 0;
31 12 36 12 0;
41 12 42 12 0;
11 13 0;
16 13 0;
24 13 0;
27 13 0;
31 13 36 13 0;
40 13 41 13 0;
43 13 0;
11 14 0;
16 14 17 14 0;
24 14 0;
26 14 0;
32 14 36 14 0;
39 14 0;
44 14 0;
11 15 0;
16 15 0;
22 15 23 15 0;
25 15 0;
32 15 35 15 0;
44 15 0;
11 16 0;
21 16 0;
26 16 0;
32 16 35 16 0;
44 16 46 16 0;
11 17 12 17 0;
16 17 0;
20 17 0;
24 17 25 17 0;
27 17 0;
31 17 35 17 0;
44 17 48 17 0;
12 18 13 18 0;
16 18 0;
18 18 0;
22 18 23 18 0;
25 18 0;
28 18 32 18 0;
35 18 36 18 0;
44 18 47 18 0;
49 18 0;
12 19 0;
14 19 0;
16 19 0;
19 19 0;
21 19 0;
25 19 0;
31 19 32 19 0;
37 19 0;
44 19 46 19 0;
50 19 0;
7 20 8 20 0;
12 20 0;
14 20 16 20 0;
18 20 20 20 0;
22 20 0;
25 20 0;
31 20 0;
38 20 0;
44 20 46 20 0;
50 20 0;
6 21 0;
9 21 0;
13 21 0;
16 21 0;
18 21 19 21 0;
24 21 0;
30 21 31 21 0;
39 21 0;
43 21 45 21 0;
51 21 0;
6 22 0;
9 22 0;
14 22 15 22 0;
19 22 23 22 0;
29 22 31 22 0;
34 22 0;
40 22 44 22 0;
51 22 0;
5 23 8 23 0;
13 23 0;
19 23 20 23 0;
28 23 0;
30 23 31 23 0;
35 23 0;
41 23 44 23 0;
51 23 0;
4 24 0;
8 24 9 24 0;
13 24 0;
18 24 19 24 0;
26 24 28 24 0;
31 24 32 24 0;
40 24 45 24 0;
51 24 0;
4 25 0;
9 25 0;
13 25 0;
18 25 0;
25 25 26 25 0;
28 25 0;
33 25 0;
38 25 40 25 0;
45 25 46 25 0;
51 25 0;
4 26 7 26 0;
9 26 0;
13 26 0;
17 26 0;
24 26 25 26 0;
27 26 0;
34 26 39 26 0;
46 26 0;
51 26 0;
4 27 5 27 0;
8 27 0;
14 27 0;
23 27 25 27 0;
27 27 0;
38 27 0;
46 27 0;
50 27 0;
3 28 4 28 0;
9 28 0;
14 28 0;
22 28 24 28 0;
26 28 0;
38 28 0;
43 28 0;
47 28 0;
50 28 0;
3 29 0;
9 29 0;
15 29 23 29 0;
25 29 0;
39 29 0;
46 29 50 29 0;
2 30 3 30 0;
9 30 0;
17 30 20 30 0;
24 30 0;
40 30 0;
45 30 49 30 0;
2 31 3 31 0;
8 31 0;
20 31 23 31 0;
41 31 0;
43 31 50 31 0;
3 32 4 32 0;
7 32 8 32 0;
39 32 50 32 0;
4 33 0;
6 33 0;
9 33 0;
38 33 0;
43 33 51 33 0;
4 34 5 34 0;
10 34 0;
37 34 0;
39 34 0;
43 34 0;
48 34 51 34 0;
3 35 4 35 0;
11 35 0;
36 35 0;
43 35 0;
49 35 51 35 0;
3 36 4 36 0;
11 36 0;
36 36 0;
42 36 0;
50 36 0;
3 37 5 37 0;
11 37 0;
36 37 0;
42 37 0;
50 37 0;
3 38 5 38 0;
9 38 10 38 0;
36 38 0;
38 38 0;
42 38 0;
46 38 0;
49 38 0;
3 39 11 39 0;
37 39 0;
39 39 0;
42 39 0;
47 39 48 39 0;
4 40 12 40 0;
34 40 38 40 0;
42 40 0;
45 40 47 40 0;
6 41 13 41 0;
33 41 0;
39 41 45 41 0;
6 42 14 42 0;
32 42 0;
40 42 44 42 0;
5 43 0;
8 43 0;
14 43 0;
31 43 0;
40 43 0;
43 43 44 43 0;
5 44 0;
8 44 0;
14 44 18 44 0;
25 44 29 44 0;
31 44 0;
34 44 0;
38 44 40 44 0;
44 44 0;
5 45 0;
9 45 0;
13 45 0;
19 45 0;
24 45 0;
27 45 0;
30 45 31 45 0;
35 45 39 45 0;
44 45 0;
5 46 6 46 0;
9 46 13 46 0;
20 46 0;
23 46 0;
30 46 39 46 0;
41 46 0;
44 46 0;
6 47 7 47 0;
9 47 12 47 0;
21 47 22 47 0;
29 47 39 47 0;
42 47 43 47 0;
8 48 12 48 0;
15 48 0;
20 48 23 48 0;
28 48 39 48 0;
42 48 0;
12 49 0;
16 49 0;
20 49 22 49 0;
24 49 33 49 0;
35 49 39 49 0;
41 49 0;
12 50 0;
17 50 21 50 0;
28 50 33 50 0;
36 50 40 50 0;
13 51 0;
16 51 21 51 0;
30 51 33 51 0;
14 52 22 52 0;
28 52 0;
31 52 33 52 0;
15 53 23 53 0;
27 53 0;
32 53 0;
17 54 19 54 0;
22 54 24 54 0;
26 54 0;
31 54 0;
24 55 30 55 0;
