096 Drowzee;
5;
19 4 20 4 0;
38 4 39 4 0;
18 5 0;
21 5 0;
36 5 37 5 0;
40 5 0;
17 6 0;
21 6 0;
34 6 35 6 0;
40 6 0;
16 7 0;
22 7 30 7 0;
33 7 0;
37 7 38 7 0;
40 7 0;
16 8 0;
21 8 0;
31 8 32 8 0;
36 8 37 8 0;
40 8 0;
15 9 0;
19 9 0;
35 9 37 9 0;
40 9 0;
15 10 0;
17 10 0;
35 10 36 10 0;
39 10 0;
16 11 0;
36 11 0;
39 11 0;
15 12 0;
40 12 0;
15 13 0;
40 13 0;
41 14 0;
15 15 0;
41 15 0;
15 16 18 16 0;
27 16 32 16 0;
42 16 0;
14 17 0;
17 17 0;
19 17 0;
26 17 0;
28 17 0;
33 17 0;
39 17 42 17 0;
44 17 45 17 0;
9 18 11 18 0;
14 18 18 18 0;
27 18 32 18 0;
38 18 0;
42 18 43 18 0;
46 18 0;
6 19 8 19 0;
12 19 0;
14 19 0;
38 19 0;
43 19 0;
46 19 48 19 0;
5 20 0;
8 20 0;
13 20 14 20 0;
18 20 0;
20 20 22 20 0;
39 20 40 20 0;
43 20 44 20 0;
46 20 0;
49 20 0;
5 21 0;
9 21 0;
13 21 14 21 0;
17 21 0;
24 21 0;
33 21 0;
39 21 0;
43 21 0;
46 21 0;
49 21 0;
4 22 0;
6 22 0;
10 22 0;
13 22 14 22 0;
26 22 0;
32 22 0;
40 22 0;
46 22 0;
49 22 0;
4 23 0;
7 23 0;
15 23 0;
27 23 31 23 0;
35 23 0;
40 23 0;
48 23 50 23 0;
5 24 0;
7 24 0;
15 24 0;
18 24 0;
21 24 0;
26 24 0;
33 24 34 24 0;
37 24 39 24 0;
48 24 0;
51 24 0;
4 25 0;
13 25 0;
16 25 17 25 0;
23 25 0;
25 25 26 25 0;
29 25 32 25 0;
36 25 0;
51 25 0;
4 26 0;
14 26 16 26 0;
26 26 28 26 0;
36 26 0;
50 26 0;
5 27 7 27 0;
14 27 16 27 0;
25 27 0;
37 27 39 27 0;
49 27 0;
8 28 9 28 0;
12 28 13 28 0;
16 28 0;
25 28 0;
40 28 0;
47 28 48 28 0;
10 29 0;
17 29 24 29 0;
41 29 44 29 0;
49 29 0;
10 30 0;
18 30 0;
38 30 0;
49 30 0;
10 31 0;
17 31 0;
39 31 0;
48 31 0;
11 32 0;
17 32 0;
40 32 0;
42 32 0;
46 32 47 32 0;
12 33 13 33 0;
17 33 20 33 0;
38 33 41 33 0;
43 33 47 33 0;
14 34 21 34 0;
27 34 31 34 0;
37 34 47 34 0;
16 35 22 35 0;
25 35 33 35 0;
36 35 47 35 0;
16 36 47 36 0;
18 37 40 37 0;
46 37 47 37 0;
15 38 16 38 0;
18 38 39 38 0;
41 38 45 38 0;
48 38 0;
14 39 16 39 0;
19 39 38 39 0;
40 39 41 39 0;
43 39 46 39 0;
48 39 0;
14 40 16 40 0;
19 40 38 40 0;
40 40 0;
44 40 48 40 0;
13 41 16 41 0;
19 41 37 41 0;
39 41 0;
45 41 48 41 0;
13 42 17 42 0;
20 42 37 42 0;
39 42 40 42 0;
44 42 48 42 0;
14 43 17 43 0;
20 43 37 43 0;
39 43 41 43 0;
43 43 49 43 0;
14 44 18 44 0;
21 44 37 44 0;
39 44 49 44 0;
15 45 19 45 0;
23 45 37 45 0;
39 45 49 45 0;
15 46 20 46 0;
25 46 38 46 0;
40 46 49 46 0;
14 47 22 47 0;
28 47 39 47 0;
41 47 49 47 0;
13 48 0;
15 48 0;
18 48 24 48 0;
31 48 40 48 0;
49 48 0;
12 49 0;
14 49 0;
19 49 30 49 0;
34 49 39 49 0;
50 49 0;
12 50 0;
14 50 0;
19 50 24 50 0;
32 50 36 50 0;
39 50 0;
50 50 0;
12 51 23 51 0;
39 51 50 51 0;
