097 Hypno;
5;
22 1 23 1 0;
21 2 0;
23 2 0;
21 3 0;
24 3 0;
41 3 43 3 0;
20 4 0;
24 4 0;
39 4 40 4 0;
43 4 0;
20 5 0;
25 5 0;
37 5 38 5 0;
43 5 0;
19 6 0;
25 6 32 6 0;
35 6 36 6 0;
40 6 0;
42 6 0;
19 7 0;
23 7 24 7 0;
33 7 34 7 0;
39 7 0;
42 7 0;
18 8 0;
37 8 39 8 0;
41 8 44 8 0;
18 9 0;
35 9 38 9 0;
40 9 0;
44 9 47 9 0;
15 10 17 10 0;
36 10 37 10 0;
40 10 0;
48 10 49 10 0;
14 11 0;
17 11 0;
37 11 0;
39 11 0;
50 11 0;
13 12 0;
17 12 0;
19 12 0;
39 12 0;
43 12 0;
51 12 0;
12 13 0;
17 13 0;
20 13 0;
39 13 0;
44 13 0;
47 13 0;
51 13 0;
11 14 0;
17 14 0;
20 14 21 14 0;
38 14 39 14 0;
44 14 0;
47 14 0;
49 14 0;
52 14 0;
11 15 0;
13 15 0;
16 15 0;
19 15 0;
21 15 22 15 0;
37 15 0;
40 15 0;
44 15 0;
46 15 0;
49 15 0;
52 15 0;
12 16 0;
16 16 0;
20 16 22 16 0;
37 16 0;
40 16 0;
43 16 0;
46 16 0;
49 16 0;
51 16 0;
9 17 11 17 0;
16 17 0;
21 17 0;
28 17 33 17 0;
38 17 0;
40 17 0;
43 17 0;
46 17 50 17 0;
7 18 8 18 0;
11 18 0;
16 18 0;
21 18 0;
27 18 0;
29 18 30 18 0;
34 18 0;
38 18 39 18 0;
41 18 45 18 0;
49 18 0;
5 19 6 19 0;
10 19 0;
16 19 0;
20 19 0;
27 19 33 19 0;
38 19 0;
40 19 42 19 0;
50 19 0;
4 20 0;
10 20 0;
14 20 0;
17 20 0;
20 20 0;
27 20 30 20 0;
37 20 0;
41 20 0;
43 20 0;
50 20 0;
3 21 0;
11 21 0;
13 21 0;
17 21 0;
19 21 0;
28 21 0;
31 21 32 21 0;
37 21 0;
41 21 0;
43 21 0;
51 21 0;
3 22 0;
11 22 0;
13 22 0;
18 22 19 22 0;
28 22 0;
36 22 0;
41 22 0;
43 22 0;
51 22 0;
2 23 0;
12 23 0;
18 23 19 23 0;
28 23 0;
35 23 0;
41 23 0;
44 23 0;
52 23 0;
2 24 0;
8 24 0;
12 24 0;
19 24 0;
27 24 0;
34 24 0;
39 24 43 24 0;
52 24 0;
2 25 0;
10 25 0;
12 25 0;
19 25 0;
26 25 0;
30 25 32 25 0;
38 25 0;
41 25 0;
44 25 0;
53 25 0;
2 26 0;
10 26 11 26 0;
13 26 0;
16 26 0;
19 26 0;
25 26 29 26 0;
35 26 0;
37 26 0;
41 26 0;
45 26 0;
53 26 0;
2 27 0;
10 27 0;
13 27 0;
15 27 0;
20 27 0;
24 27 0;
36 27 37 27 0;
40 27 42 27 0;
45 27 0;
53 27 0;
3 28 0;
11 28 0;
14 28 0;
21 28 23 28 0;
37 28 0;
40 28 0;
42 28 0;
45 28 0;
52 28 0;
3 29 0;
11 29 0;
14 29 0;
37 29 0;
40 29 42 29 0;
45 29 0;
50 29 51 29 0;
3 30 0;
11 30 0;
15 30 16 30 0;
32 30 0;
37 30 0;
45 30 49 30 0;
3 31 0;
12 31 0;
15 31 0;
17 31 18 31 0;
25 31 0;
38 31 0;
44 31 0;
3 32 0;
12 32 0;
16 32 0;
20 32 21 32 0;
24 32 0;
32 32 0;
39 32 43 32 0;
4 33 0;
12 33 0;
17 33 0;
22 33 23 33 0;
25 33 26 33 0;
30 33 32 33 0;
35 33 38 33 0;
4 34 0;
13 34 0;
18 34 0;
27 34 29 34 0;
33 34 34 34 0;
38 34 0;
4 35 0;
13 35 0;
17 35 18 35 0;
38 35 0;
4 36 0;
13 36 0;
15 36 16 36 0;
19 36 0;
38 36 0;
4 37 0;
14 37 0;
38 37 0;
4 38 0;
15 38 0;
19 38 0;
37 38 0;
39 38 0;
4 39 0;
12 39 13 39 0;
16 39 0;
37 39 0;
40 39 0;
3 40 0;
8 40 0;
11 40 0;
14 40 15 40 0;
41 40 0;
3 41 0;
6 41 0;
8 41 0;
11 41 0;
42 41 0;
3 42 0;
6 42 0;
9 42 0;
12 42 0;
43 42 0;
4 43 0;
7 43 0;
10 43 0;
13 43 0;
24 43 27 43 0;
44 43 0;
5 44 6 44 0;
8 44 9 44 0;
11 44 13 44 0;
22 44 23 44 0;
28 44 29 44 0;
45 44 0;
4 45 0;
19 45 21 45 0;
30 45 0;
45 45 0;
4 46 0;
16 46 18 46 0;
31 46 32 46 0;
46 46 0;
5 47 0;
13 47 15 47 0;
17 47 0;
33 47 0;
46 47 0;
4 48 6 48 0;
17 48 0;
34 48 35 48 0;
46 48 48 48 0;
2 49 3 49 0;
7 49 9 49 0;
18 49 0;
34 49 0;
36 49 37 49 0;
44 49 45 49 0;
49 49 0;
1 50 0;
10 50 0;
18 50 0;
34 50 0;
38 50 0;
46 50 47 50 0;
49 50 0;
0 51 0;
3 51 0;
18 51 0;
35 51 0;
48 51 0;
0 52 0;
2 52 0;
6 52 0;
16 52 17 52 0;
36 52 0;
43 52 45 52 0;
49 52 0;
1 53 2 53 0;
5 53 0;
13 53 15 53 0;
37 53 0;
46 53 0;
49 53 0;
3 54 4 54 0;
10 54 12 54 0;
38 54 39 54 0;
46 54 48 54 0;
5 55 9 55 0;
40 55 45 55 0;
