098 Krabby;
2;
25 8 26 8 0;
29 8 30 8 0;
15 9 16 9 0;
22 9 24 9 0;
26 9 29 9 0;
31 9 33 9 0;
39 9 40 9 0;
13 10 14 10 0;
17 10 0;
20 10 21 10 0;
24 10 0;
26 10 0;
29 10 0;
31 10 0;
34 10 35 10 0;
38 10 0;
41 10 42 10 0;
12 11 0;
14 11 0;
18 11 19 11 0;
24 11 0;
26 11 0;
29 11 0;
31 11 0;
36 11 37 11 0;
41 11 0;
43 11 0;
12 12 14 12 0;
19 12 0;
21 12 23 12 0;
29 12 0;
32 12 34 12 0;
36 12 0;
41 12 43 12 0;
11 13 12 13 0;
15 13 0;
18 13 0;
20 13 0;
24 13 0;
31 13 0;
35 13 0;
37 13 0;
40 13 0;
43 13 44 13 0;
12 14 0;
16 14 0;
18 14 19 14 0;
25 14 0;
30 14 0;
36 14 37 14 0;
39 14 0;
43 14 0;
11 15 0;
13 15 0;
17 15 18 15 0;
20 15 0;
22 15 0;
25 15 0;
30 15 0;
33 15 0;
35 15 0;
37 15 38 15 0;
42 15 0;
44 15 0;
11 16 0;
13 16 14 16 0;
17 16 0;
21 16 24 16 0;
31 16 34 16 0;
38 16 0;
41 16 42 16 0;
44 16 0;
11 17 0;
13 17 0;
15 17 16 17 0;
20 17 0;
26 17 0;
29 17 0;
35 17 0;
39 17 40 17 0;
42 17 0;
44 17 0;
9 18 11 18 0;
13 18 0;
16 18 0;
19 18 0;
21 18 0;
27 18 28 18 0;
34 18 0;
36 18 0;
39 18 0;
42 18 0;
44 18 46 18 0;
8 19 0;
12 19 0;
15 19 0;
18 19 0;
21 19 24 19 0;
31 19 34 19 0;
37 19 0;
40 19 0;
43 19 0;
47 19 0;
8 20 11 20 0;
15 20 0;
18 20 0;
20 20 21 20 0;
25 20 26 20 0;
29 20 30 20 0;
34 20 35 20 0;
37 20 0;
40 20 0;
44 20 47 20 0;
9 21 11 21 0;
15 21 0;
17 21 0;
27 21 28 21 0;
38 21 0;
40 21 0;
44 21 46 21 0;
8 22 0;
11 22 13 22 0;
15 22 16 22 0;
20 22 21 22 0;
34 22 35 22 0;
39 22 40 22 0;
42 22 44 22 0;
47 22 0;
8 23 0;
11 23 12 23 0;
14 23 16 23 0;
19 23 0;
22 23 24 23 0;
31 23 33 23 0;
36 23 0;
39 23 41 23 0;
44 23 0;
47 23 0;
9 24 0;
12 24 0;
15 24 0;
17 24 0;
25 24 0;
30 24 0;
38 24 0;
40 24 0;
43 24 0;
9 25 0;
12 25 13 25 0;
16 25 18 25 0;
26 25 0;
29 25 0;
37 25 39 25 0;
42 25 43 25 0;
46 25 0;
10 26 15 26 0;
19 26 20 26 0;
26 26 29 26 0;
35 26 36 26 0;
40 26 45 26 0;
9 27 0;
13 27 14 27 0;
21 27 25 27 0;
30 27 34 27 0;
41 27 42 27 0;
46 27 0;
9 28 0;
11 28 0;
14 28 19 28 0;
36 28 41 28 0;
44 28 0;
46 28 0;
10 29 0;
15 29 0;
20 29 0;
35 29 0;
40 29 0;
45 29 0;
10 30 0;
15 30 0;
21 30 0;
34 30 0;
40 30 0;
45 30 0;
10 31 0;
15 31 0;
22 31 0;
33 31 0;
39 31 40 31 0;
45 31 0;
9 32 0;
16 32 0;
23 32 0;
32 32 0;
39 32 0;
46 32 0;
9 33 0;
16 33 17 33 0;
23 33 0;
32 33 0;
38 33 39 33 0;
46 33 0;
9 34 0;
16 34 18 34 0;
23 34 0;
32 34 0;
37 34 39 34 0;
46 34 0;
9 35 0;
16 35 19 35 0;
23 35 0;
32 35 0;
36 35 39 35 0;
46 35 0;
9 36 0;
16 36 17 36 0;
20 36 0;
23 36 0;
32 36 0;
35 36 0;
38 36 39 36 0;
46 36 0;
10 37 0;
16 37 17 37 0;
20 37 0;
22 37 0;
33 37 0;
35 37 0;
38 37 39 37 0;
45 37 0;
10 38 0;
16 38 17 38 0;
21 38 0;
34 38 0;
38 38 39 38 0;
45 38 0;
10 39 0;
16 39 17 39 0;
38 39 39 39 0;
45 39 0;
11 40 0;
17 40 0;
38 40 0;
44 40 0;
11 41 0;
17 41 18 41 0;
37 41 38 41 0;
44 41 0;
12 42 0;
18 42 0;
37 42 0;
43 42 0;
13 43 0;
19 43 0;
36 43 0;
42 43 0;
14 44 0;
20 44 21 44 0;
34 44 35 44 0;
41 44 0;
15 45 16 45 0;
22 45 0;
33 45 0;
39 45 40 45 0;
17 46 21 46 0;
34 46 38 46 0;
