099 Kingler;
2;
17 2 19 2 0;
36 2 38 2 0;
15 3 16 3 0;
20 3 0;
35 3 0;
39 3 40 3 0;
13 4 14 4 0;
21 4 0;
34 4 0;
41 4 42 4 0;
12 5 0;
22 5 0;
33 5 0;
43 5 0;
11 6 0;
22 6 0;
33 6 0;
44 6 0;
10 7 0;
23 7 0;
32 7 0;
45 7 0;
9 8 0;
23 8 0;
32 8 0;
46 8 0;
8 9 0;
23 9 0;
32 9 0;
47 9 0;
8 10 0;
24 10 0;
31 10 0;
47 10 0;
7 11 0;
14 11 16 11 0;
24 11 0;
31 11 0;
39 11 41 11 0;
48 11 0;
7 12 0;
13 12 0;
16 12 17 12 0;
23 12 0;
32 12 0;
38 12 0;
42 12 0;
48 12 0;
6 13 0;
12 13 0;
14 13 18 13 0;
22 13 23 13 0;
32 13 33 13 0;
37 13 41 13 0;
43 13 0;
49 13 0;
6 14 0;
11 14 0;
13 14 19 14 0;
21 14 0;
23 14 0;
32 14 0;
34 14 0;
36 14 42 14 0;
44 14 0;
49 14 0;
6 15 0;
10 15 0;
12 15 19 15 0;
21 15 0;
23 15 0;
32 15 0;
34 15 0;
36 15 43 15 0;
45 15 0;
49 15 0;
5 16 0;
10 16 0;
12 16 21 16 0;
23 16 0;
25 16 0;
30 16 0;
32 16 0;
34 16 43 16 0;
45 16 0;
50 16 0;
5 17 0;
9 17 0;
11 17 20 17 0;
22 17 0;
25 17 0;
30 17 0;
33 17 0;
35 17 44 17 0;
46 17 0;
50 17 0;
5 18 0;
9 18 0;
11 18 20 18 0;
22 18 0;
25 18 0;
30 18 0;
33 18 0;
35 18 44 18 0;
46 18 0;
50 18 0;
4 19 0;
8 19 0;
10 19 20 19 0;
22 19 0;
24 19 0;
26 19 0;
29 19 0;
31 19 0;
33 19 0;
35 19 45 19 0;
47 19 0;
51 19 0;
4 20 0;
8 20 0;
10 20 20 20 0;
22 20 0;
24 20 0;
26 20 0;
29 20 0;
31 20 0;
33 20 0;
35 20 45 20 0;
47 20 0;
51 20 0;
4 21 0;
7 21 0;
9 21 20 21 0;
22 21 0;
24 21 0;
26 21 0;
29 21 0;
31 21 0;
33 21 0;
35 21 46 21 0;
48 21 0;
51 21 0;
4 22 0;
7 22 0;
9 22 19 22 0;
21 22 0;
23 22 24 22 0;
26 22 0;
29 22 0;
31 22 32 22 0;
34 22 0;
36 22 46 22 0;
48 22 0;
51 22 0;
3 23 0;
7 23 0;
9 23 19 23 0;
21 23 0;
23 23 24 23 0;
26 23 0;
29 23 0;
31 23 32 23 0;
34 23 0;
36 23 46 23 0;
48 23 0;
52 23 0;
2 24 0;
6 24 0;
8 24 15 24 0;
17 24 19 24 0;
21 24 0;
24 24 0;
26 24 29 24 0;
31 24 0;
34 24 0;
36 24 38 24 0;
40 24 47 24 0;
49 24 0;
53 24 0;
2 25 0;
6 25 0;
8 25 14 25 0;
18 25 0;
20 25 0;
22 25 0;
24 25 0;
26 25 0;
29 25 0;
31 25 0;
33 25 0;
35 25 0;
37 25 0;
41 25 47 25 0;
49 25 0;
53 25 0;
1 26 0;
6 26 0;
8 26 13 26 0;
18 26 0;
20 26 0;
22 26 0;
33 26 0;
35 26 0;
37 26 0;
42 26 47 26 0;
49 26 0;
54 26 0;
1 27 0;
6 27 0;
8 27 12 27 0;
19 27 0;
27 27 28 27 0;
36 27 0;
43 27 47 27 0;
49 27 0;
54 27 0;
0 28 0;
5 28 11 28 0;
19 28 0;
21 28 23 28 0;
26 28 0;
29 28 0;
32 28 34 28 0;
36 28 0;
44 28 50 28 0;
0 29 0;
4 29 0;
8 29 10 29 0;
20 29 0;
24 29 0;
31 29 0;
35 29 0;
45 29 47 29 0;
51 29 0;
0 30 0;
3 30 0;
9 30 0;
20 30 0;
25 30 0;
30 30 0;
35 30 0;
46 30 0;
52 30 0;
0 31 0;
8 31 0;
21 31 0;
25 31 0;
30 31 0;
34 31 0;
47 31 0;
0 32 0;
8 32 0;
21 32 0;
23 32 0;
26 32 0;
29 32 0;
32 32 0;
34 32 0;
47 32 0;
1 33 0;
7 33 0;
21 33 0;
26 33 0;
29 33 0;
34 33 0;
48 33 0;
54 33 0;
1 34 0;
7 34 0;
20 34 0;
22 34 25 34 0;
30 34 33 34 0;
35 34 0;
48 34 0;
54 34 0;
1 35 0;
6 35 0;
20 35 0;
35 35 0;
49 35 0;
0 36 1 36 0;
6 36 0;
20 36 0;
24 36 25 36 0;
30 36 31 36 0;
35 36 0;
49 36 0;
0 37 0;
2 37 0;
6 37 0;
19 37 0;
21 37 0;
23 37 0;
25 37 0;
30 37 0;
32 37 0;
34 37 0;
36 37 0;
49 37 0;
53 37 0;
0 38 0;
2 38 3 38 0;
6 38 0;
19 38 0;
22 38 0;
25 38 0;
30 38 0;
33 38 0;
36 38 0;
49 38 0;
53 38 0;
0 39 0;
3 39 0;
6 39 0;
18 39 0;
22 39 0;
25 39 26 39 0;
29 39 30 39 0;
33 39 0;
37 39 0;
49 39 0;
52 39 0;
54 39 0;
1 40 3 40 0;
6 40 0;
18 40 0;
25 40 0;
27 40 28 40 0;
30 40 0;
37 40 0;
49 40 0;
52 40 53 40 0;
4 41 0;
7 41 0;
16 41 17 41 0;
38 41 39 41 0;
48 41 0;
51 41 0;
4 42 0;
7 42 0;
14 42 15 42 0;
40 42 41 42 0;
48 42 0;
51 42 0;
5 43 0;
7 43 0;
11 43 13 43 0;
16 43 17 43 0;
38 43 39 43 0;
42 43 44 43 0;
48 43 0;
5 44 6 44 0;
8 44 10 44 0;
14 44 0;
18 44 20 44 0;
35 44 37 44 0;
41 44 0;
45 44 47 44 0;
49 44 50 44 0;
5 45 0;
7 45 0;
10 45 12 45 0;
14 45 0;
21 45 22 45 0;
33 45 34 45 0;
41 45 0;
43 45 45 45 0;
48 45 0;
50 45 0;
4 46 0;
7 46 0;
10 46 0;
13 46 14 46 0;
23 46 0;
32 46 0;
41 46 42 46 0;
45 46 0;
48 46 0;
51 46 0;
2 47 4 47 0;
6 47 0;
10 47 0;
15 47 0;
24 47 31 47 0;
40 47 0;
45 47 0;
49 47 0;
51 47 53 47 0;
1 48 0;
4 48 6 48 0;
9 48 0;
11 48 12 48 0;
16 48 17 48 0;
23 48 0;
32 48 0;
38 48 39 48 0;
43 48 44 48 0;
46 48 0;
49 48 51 48 0;
54 48 0;
2 49 3 49 0;
6 49 7 49 0;
9 49 0;
13 49 15 49 0;
18 49 22 49 0;
33 49 37 49 0;
40 49 42 49 0;
46 49 0;
48 49 49 49 0;
52 49 53 49 0;
1 50 0;
4 50 5 50 0;
8 50 0;
47 50 0;
50 50 51 50 0;
54 50 0;
1 51 3 51 0;
6 51 8 51 0;
47 51 49 51 0;
52 51 54 51 0;
